traccia_test,y_Mano_test,y_predict_test,delta_test
1000111.IV.RAVA..EH,0,0.005940988,0.005940988194197416
1000111.IV.ROVR..HH,1,0.95070386,0.04929614067077637
1000111.IV.T0820..EH,0,0.9333741,0.9333741068840027
1000111.IV.T0821..EH,1,0.9968052,0.0031948089599609375
1000111.IV.TEOL..HH,0,0.0028019168,0.0028019167948514223
1000611.IV.RAVA..EH,0,0.0025848032,0.0025848031509667635
1000631.IV.RAVA..EH,0,0.015723165,0.01572316512465477
1000631.IV.T0822..EH,1,0.9939814,0.006018579006195068
1000631.IV.T0825..EH,1,0.9853784,0.014621615409851074
1000741.IV.RAVA..EH,0,0.0009968218,0.0009968217927962542
1000801.IV.RAVA..EH,0,0.0011801055,0.0011801054934039712
1001281.IV.RAVA..EH,0,0.0018450711,0.001845071092247963
1001761.IV.NOVE..EH,0,0.009656795,0.009656795300543308
1001761.IV.T0800..HH,1,0.98726565,0.01273435354232788
1001991.IV.T0822..EH,1,0.99416685,0.005833148956298828
1002471.IV.ERBM..EH,0,0.0131374085,0.013137408532202244
1002471.IV.RAVA..EH,1,0.9979657,0.002034306526184082
1002471.IV.T0800..HH,1,0.9957956,0.004204392433166504
1002471.IV.T0819..EH,0,0.0031698535,0.003169853473082185
1002471.IV.ZCCA..HH,0,0.016433796,0.016433795914053917
1002751.IV.MAGA..HH,1,0.9744559,0.02554410696029663
1002751.IV.ROVR..HH,0,0.018688792,0.01868879236280918
1004351.IV.ASQU..HH,1,0.994298,0.005702018737792969
1004351.IV.BDI..HH,0,0.0013843357,0.0013843356864526868
1004351.IV.CRMI..HH,0,0.006182299,0.006182298995554447
1004351.IV.PLMA..HH,0,0.020996675,0.02099667489528656
1004351.GU.POPM..HH,0,0.06810691,0.06810691207647324
1004351.MN.VLC..HH,0,0.12447184,0.12447184324264526
1004511.IV.NOVE..EH,0,0.004546412,0.0045464118011295795
1004511.IV.RAVA..EH,0,0.0023900047,0.0023900046944618225
1004511.IV.T0819..EH,1,0.9891701,0.010829925537109375
1004511.IV.T0822..EH,1,0.9959098,0.0040901899337768555
1004511.IV.T0825..EH,0,0.004430765,0.0044307648204267025
1005551.IV.RAVA..EH,1,0.98910695,0.010893046855926514
1006731.IV.MAGA..HH,0,0.018610094,0.018610093742609024
1006731.IV.NOVE..EH,1,0.9983555,0.0016444921493530273
1006731.GU.POPM..HH,0,0.0143901715,0.014390171505510807
1006731.IV.RAVA..EH,0,0.07667965,0.07667964696884155
1006731.IV.ROVR..HH,1,0.98460853,0.01539146900177002
1006731.IV.T0800..HH,0,0.15393797,0.15393796563148499
1007041.IV.T0800..HH,1,0.9972377,0.002762317657470703
1008571.IV.T0819..EH,1,0.99757546,0.0024245381355285645
1008851.IV.T0822..EH,0,0.0072643906,0.007264390587806702
1009261.IV.RAVA..EH,0,0.008945869,0.008945869281888008
1009261.IV.T0800..HH,0,0.010879263,0.010879263281822205
1009261.IV.T0821..EH,0,0.004444574,0.0044445740059018135
1009261.IV.ZCCA..HH,1,0.9960507,0.003949284553527832
1009711.IV.NOVE..EH,0,0.0030983577,0.0030983577016741037
1009711.IV.T0825..EH,1,0.994151,0.005849003791809082
1011691.IV.MSSA..HH,0,0.0056231874,0.005623187404125929
1011691.IV.PLMA..HH,1,0.99176955,0.008230447769165039
1011691.MN.VLC..HH,0,0.011917262,0.011917262338101864
1012001.IV.RAVA..EH,0,0.0048406776,0.0048406776040792465
1014971.IV.RAVA..EH,0,0.009756778,0.009756778366863728
1015021.IV.RAVA..EH,0,0.0011241849,0.0011241849279031157
1015641.IV.T0819..EH,1,0.99885416,0.0011458396911621094
1015721.IV.ATBU..EH,1,0.98868155,0.011318445205688477
1015721.IV.ATMC..EH,1,0.9969813,0.003018677234649658
1015721.IV.ATMI..HH,0,0.01566925,0.01566925086081028
1015721.IV.ATVA..EH,1,0.9942931,0.005706906318664551
1015721.IV.SSP9..EH,0,0.007638865,0.007638865150511265
1015721.IV.TRIF..HH,1,0.4567263,0.5432736873626709
1015891.IV.ATMC..EH,0,0.0065394384,0.006539438385516405
1015891.IV.ATPI..EH,0,0.004224495,0.004224495030939579
1015891.IV.SSP9..EH,0,0.010610285,0.010610285215079784
1015931.IV.FROS..HH,1,0.9977054,0.002294600009918213
1018091.IV.RAVA..EH,0,0.0012218731,0.0012218730989843607
1018161.IV.RAVA..EH,0,0.002116212,0.002116211922839284
1019451.IV.T0822..EH,1,0.96818185,0.03181815147399902
1024461.IV.ARCI..HH,0,0.008290019,0.008290018886327744
1024461.IV.ATVO..HH,1,0.9928062,0.007193803787231445
1024461.IV.CAFI..HH,1,0.9962256,0.003774404525756836
1024461.IV.CRE..HH,1,0.9948712,0.005128800868988037
1024461.IV.FROS..HH,1,0.9988971,0.0011029243469238281
1024461.IV.PARC..HH,1,0.995947,0.004052996635437012
1025071.IV.T0825..EH,0,0.0038584527,0.0038584526628255844
10253491.IV.BDI..HH,1,0.99771076,0.0022892355918884277
10253491.IV.MPPT..EH,1,0.7024873,0.2975127100944519
10253491.IV.MTCR..EH,1,0.99882483,0.0011751651763916016
1028501.IV.RAVA..EH,0,0.0025898532,0.002589853247627616
10298611.GU.GRAM..HH,1,0.9978915,0.0021085143089294434
10299001.GU.EQUI..HH,0,0.002902911,0.0029029110446572304
10299001.GU.GRAM..HH,1,0.9983593,0.0016406774520874023
10299341.GU.GRAM..HH,1,0.99742615,0.002573847770690918
10299341.IV.MSSA..HH,1,0.9980022,0.001997828483581543
10299721.GU.GRAM..HH,1,0.9981953,0.0018047094345092773
10299721.IV.MSSA..HH,1,0.996363,0.0036370158195495605
10309171.GU.EQUI..HH,1,0.9967053,0.003294706344604492
10309171.GU.GRAM..HH,1,0.99709266,0.0029073357582092285
10309171.IV.MSSA..HH,1,0.99643415,0.003565847873687744
10320361.GU.GSCL..HH,1,0.9986399,0.0013601183891296387
10320361.IV.ZCCA..HH,0,0.007932109,0.007932108826935291
1032441.IV.BOB..HH,0,0.008461246,0.008461246266961098
1032441.GU.MAIM..HH,1,0.99518144,0.004818558692932129
1032441.IV.MSSA..HH,1,0.99677354,0.00322645902633667
1032881.IV.RAVA..EH,1,0.9976944,0.00230562686920166
1032881.IV.SERM..EH,1,0.9499658,0.05003422498703003
1032881.IV.T0800..HH,1,0.9983336,0.001666426658630371
1032881.IV.T0822..EH,0,0.0026040236,0.002604023553431034
1033861.IV.RAVA..EH,0,0.0066169663,0.006616966333240271
1033861.IV.T0825..EH,1,0.99765646,0.0023435354232788086
1034661.IV.T0822..EH,1,0.9948167,0.005183279514312744
1034901.IV.RAVA..EH,0,0.0017352806,0.0017352806171402335
1035011.NI.CGRP..HH,0,0.0027087387,0.0027087386697530746
1035011.IV.CTI..HH,0,0.004869127,0.004869127180427313
1035011.IV.FIU..EH,1,0.9883819,0.011618077754974365
1035011.SI.KOSI..HH,0,0.0034032576,0.003403257578611374
1035011.IV.PLMA..HH,1,0.9945782,0.005421817302703857
1035011.IV.RAVA..EH,0,0.0038120835,0.0038120835088193417
1035011.IV.ROVR..HH,0,0.035672087,0.03567208722233772
1035011.IV.T0800..HH,1,0.99524873,0.004751265048980713
1035011.IV.T0822..EH,1,0.9982118,0.0017881989479064941
1035011.IV.TEOL..HH,0,0.0016632124,0.0016632124315947294
1035011.IV.ZCCA..HH,0,0.027956408,0.027956407517194748
1035061.IV.CSNT..HH,1,0.99719,0.0028100013732910156
1035061.IV.FIU..EH,0,0.0035345475,0.00353454751893878
1035061.IV.RAVA..EH,1,0.99518394,0.0048160552978515625
1035061.IV.T0800..HH,1,0.997759,0.0022410154342651367
1035061.IV.T0822..EH,0,0.0024714002,0.0024714001920074224
1035121.IV.RAVA..EH,0,0.0050595086,0.005059508606791496
10351661.GU.EQUI..HH,1,0.99507993,0.004920065402984619
10351661.GU.GRAM..HH,1,0.9975077,0.0024923086166381836
1035171.IV.RAVA..EH,0,0.0055275396,0.005527539644390345
1035171.IV.SERM..EH,1,0.4168914,0.5831086039543152
1035311.IV.RAVA..EH,0,0.015568696,0.015568695962429047
1035311.IV.T0800..HH,0,0.014484679,0.014484679326415062
1038631.IV.T0822..EH,1,0.01658168,0.9834183193743229
1039091.IV.T0800..HH,1,0.99842435,0.0015756487846374512
1039651.IV.FIU..EH,1,0.68803203,0.31196796894073486
1039651.IV.T0820..EH,1,0.93657947,0.06342053413391113
1039651.IV.T0821..EH,1,0.77219164,0.22780835628509521
1039651.IV.T0822..EH,1,0.9882922,0.011707782745361328
10418321.IV.IMOL..EH,1,0.99056894,0.009431064128875732
1042731.IV.RAVA..EH,0,0.025082769,0.025082768872380257
1042731.IV.T0800..HH,0,0.0080612935,0.008061293512582779
1042731.IV.T0822..EH,1,0.99791974,0.002080261707305908
10484811.IV.BDI..HH,1,0.9979534,0.0020465850830078125
10484811.GU.GSCL..HH,0,0.0018429366,0.001842936617322266
10484811.MN.VLC..HH,1,0.9977078,0.0022922158241271973
10484811.IV.ZCCA..HH,1,0.99768996,0.002310037612915039
1048671.IV.ARCI..HH,1,0.9959737,0.004026293754577637
1048671.IV.ATMC..EH,1,0.99453413,0.005465865135192871
1048671.IV.CAFI..HH,1,0.99597585,0.004024147987365723
1048671.IV.CRE..HH,1,0.9962696,0.0037304162979125977
1048671.IV.CSNT..HH,1,0.9974495,0.002550482749938965
1048671.IV.FROS..HH,1,0.9989256,0.001074373722076416
10493511.IV.CSNT..HH,0,0.0026474847,0.00264748465269804
10493511.IV.OSSC..HH,0,0.0026783107,0.0026783107314258814
1049781.IV.NOVE..EH,0,0.0026932543,0.002693254267796874
1049781.IV.T0819..EH,1,0.99782896,0.002171039581298828
1049781.IV.T0825..EH,0,0.0042208354,0.0042208353988826275
1050241.GU.MAIM..HH,1,0.99513245,0.0048675537109375
1050241.IV.MSSA..HH,1,0.99809986,0.0019001364707946777
1050241.GU.POPM..HH,1,0.9937108,0.006289184093475342
1050241.MN.VLC..HH,0,0.041846436,0.04184643551707268
1051001.IV.FIU..EH,0,0.0036339557,0.0036339557264000177
1051131.IV.RAVA..EH,0,0.0045011225,0.0045011225156486034
10514481.IV.PRMA..HH,1,0.99678254,0.003217458724975586
10527341.IV.CAFI..HH,0,0.0020523525,0.0020523525308817625
10527341.GU.CARD..HH,0,0.003927089,0.003927088808268309
10527341.IV.CRMI..HH,1,0.99812406,0.0018759369850158691
10527341.IV.CSNT..HH,0,0.00222831,0.0022283100988715887
10527341.IV.FROS..HH,0,0.0061188685,0.006118868477642536
10527341.GU.MAIM..HH,0,0.005464476,0.005464476067572832
10527341.IV.MPPT..EH,1,0.9980352,0.0019648075103759766
10527341.IV.OSSC..HH,0,0.0032915103,0.0032915102783590555
1053191.IV.RAVA..EH,0,0.0017338208,0.0017338207690045238
1053191.IV.T0822..EH,0,0.04408786,0.044087860733270645
1055031.IV.RAVA..EH,0,0.006250363,0.00625036284327507
1055031.IV.SERM..EH,0,0.005727041,0.00572704104706645
1055031.IV.T0822..EH,1,0.9957094,0.004290580749511719
1056331.IV.CRE..HH,1,0.9951617,0.004838287830352783
1056331.IV.CSNT..HH,1,0.9974356,0.002564370632171631
1056331.IV.FROS..HH,1,0.9989111,0.0010889172554016113
1056331.IV.PARC..HH,1,0.99276054,0.0072394609451293945
1056331.IV.TRIF..HH,0,0.86000144,0.8600014448165894
1056461.IV.ARCI..HH,0,0.0016974985,0.0016974984901025891
1056461.IV.ATBU..EH,0,0.0053196587,0.005319658666849136
1056461.IV.ATCC..EH,0,0.009386545,0.009386545047163963
1056461.IV.ATMI..HH,1,0.116282746,0.8837172538042068
1056461.IV.ATPC..HH,0,0.038576055,0.03857605531811714
1056461.IV.ATVA..EH,1,0.9966514,0.0033485889434814453
1056461.IV.ATVO..HH,1,0.99329233,0.006707668304443359
1056461.IV.BADI..EH,0,0.0024723916,0.0024723915848881006
1056461.IV.CAFI..HH,1,0.99730045,0.002699553966522217
1056461.IV.CASP..HH,1,0.9925818,0.007418215274810791
1056461.IV.CDCA..EH,0,0.024203124,0.024203123524785042
1056461.IV.CSNT..HH,1,0.9944145,0.00558549165725708
1056461.IV.FROS..HH,1,0.9991247,0.0008752942085266113
1056461.GU.MAIM..HH,1,0.99468905,0.005310952663421631
1056461.IV.MAON..HH,0,0.0099535,0.009953499771654606
1056461.IV.MCIV..HH,0,0.0048600016,0.004860001616179943
1056461.IV.MURB..HH,0,0.023311269,0.023311268538236618
1056461.IV.PARC..HH,1,0.99737537,0.0026246309280395508
1056461.IV.SACS..HH,0,0.00281215,0.0028121499344706535
1056461.IV.SSP9..EH,0,0.0030123664,0.00301236636005342
1057221.IV.TEOL..HH,1,0.9982526,0.001747429370880127
1057321.IV.TEOL..HH,1,0.9981858,0.0018141865730285645
1058621.IV.T0800..HH,0,0.0017175439,0.0017175439279526472
1058621.IV.T0822..EH,1,0.994851,0.0051490068435668945
1059681.IV.T0819..EH,1,0.99620247,0.0037975311279296875
1061571.IV.RAVA..EH,0,0.0012103204,0.0012103203916922212
10623711.IV.FROS..HH,1,0.9982951,0.001704871654510498
1063281.IV.T0822..EH,0,0.04032346,0.04032345861196518
1063911.IV.RAVA..EH,0,0.0019467978,0.001946797827258706
1064441.IV.FIU..EH,1,0.99600536,0.003994643688201904
1064441.IV.T0800..HH,1,0.9973149,0.0026851296424865723
1065041.IV.T0822..EH,1,0.9968728,0.0031272172927856445
1065271.NI.CGRP..HH,0,0.0015410124,0.0015410124324262142
1065271.IV.RAVA..EH,0,0.005199491,0.005199491046369076
1065271.IV.SERM..EH,0,0.0074453736,0.007445373572409153
1065271.IV.T0800..HH,1,0.9978036,0.002196371555328369
1065271.IV.T0822..EH,1,0.99586105,0.004138946533203125
1065871.NI.CGRP..HH,0,0.003907963,0.003907963167876005
1065871.IV.CSNT..HH,1,0.99771255,0.002287447452545166
1065871.IV.RAVA..EH,0,0.0055218623,0.005521862301975489
1065871.IV.ROVR..HH,0,0.0029895823,0.0029895822517573833
1065871.IV.T0800..HH,1,0.9940216,0.005978405475616455
1065871.IV.T0822..EH,1,0.9986069,0.0013930797576904297
1065871.IV.TEOL..HH,0,0.005830077,0.005830076988786459
1065871.IV.ZCCA..HH,1,0.99812305,0.0018769502639770508
1066161.IV.T0800..HH,1,0.9987615,0.0012385249137878418
1066161.IV.T0822..EH,1,0.9975608,0.0024392008781433105
10672551.GU.EQUI..HH,0,0.0047079343,0.004707934334874153
10672551.GU.GORR..HH,1,0.99529815,0.004701852798461914
10672551.GU.GRAM..HH,1,0.9979935,0.0020064711570739746
10672551.IV.MSSA..HH,1,0.9964072,0.0035927891731262207
1067291.IV.T0800..HH,1,0.9949551,0.005044877529144287
1067291.IV.T0822..EH,1,0.9954532,0.004546821117401123
1068171.IV.ERBM..EH,1,0.9982354,0.0017645955085754395
1068171.GU.MAIM..HH,0,0.0027337684,0.002733768429607153
1068281.IV.RAVA..EH,0,0.005888849,0.005888849031180143
1068281.IV.T0800..HH,0,0.018418895,0.018418895080685616
1068481.IV.RAVA..EH,0,0.003879592,0.00387959205545485
1068481.IV.T0800..HH,1,0.996381,0.0036190152168273926
1068481.IV.T0822..EH,1,0.9979489,0.002051115036010742
1068811.IV.RAVA..EH,0,0.002047249,0.0020472491160035133
1068811.IV.T0800..HH,0,0.0046669985,0.004666998516768217
1068811.IV.T0822..EH,0,0.042051036,0.0420510359108448
10719171.GU.MAIM..HH,1,0.99572307,0.004276931285858154
10719171.MN.VLC..HH,1,0.9605137,0.03948628902435303
1072851.IV.FIU..EH,0,0.001314481,0.0013144810218364
1072851.IV.T0822..EH,0,0.01284877,0.01284877024590969
1075561.IV.RAVA..EH,0,0.0029366156,0.0029366156086325645
1076901.IV.RAVA..EH,0,0.00643288,0.0064328801818192005
1077421.IV.RAVA..EH,0,0.0013128952,0.0013128952123224735
1077421.IV.T0819..EH,1,0.9991705,0.0008295178413391113
10793661.ST.DOSS..HH,0,0.0016344674,0.0016344673931598663
10800711.GU.GRAM..HH,1,0.9977416,0.0022584199905395508
1080641.IV.T0822..EH,1,0.99782383,0.0021761655807495117
1083131.IV.T0819..EH,1,0.997978,0.0020220279693603516
1083451.IV.MAGA..HH,1,0.99305576,0.006944239139556885
1083451.IV.NOVE..EH,0,0.0010885699,0.0010885698720812798
1083451.IV.RAVA..EH,0,0.0039915405,0.0039915405213832855
1083451.IV.T0800..HH,0,0.044748046,0.04474804550409317
1083451.IV.T0819..EH,1,0.9966927,0.0033072829246520996
1083451.IV.TEOL..HH,1,0.99801755,0.001982450485229492
1083451.IV.ZCCA..HH,0,0.093822144,0.09382214397192001
1086021.IV.NOVE..EH,0,0.0024662334,0.0024662334471940994
1086021.IV.RAVA..EH,1,0.99599445,0.004005551338195801
1086021.IV.T0819..EH,1,0.99791515,0.0020848512649536133
1086021.IV.TEOL..HH,1,0.9804511,0.019548892974853516
1086801.IV.T0825..EH,0,0.009939534,0.009939533658325672
1087211.IV.T0800..HH,1,0.9894111,0.010588884353637695
1088141.IV.T0800..HH,1,0.993405,0.006595015525817871
1088141.IV.T0822..EH,0,0.00575449,0.005754489917308092
1088201.IV.RAVA..EH,1,0.9982856,0.0017144083976745605
1088201.IV.T0800..HH,1,0.9988382,0.001161813735961914
1088201.IV.T0822..EH,0,0.0044897124,0.004489712417125702
1088601.IV.T0819..EH,1,0.99078834,0.00921165943145752
1088901.IV.TEOL..HH,0,0.0024873556,0.002487355610355735
1103291.IV.T0825..EH,0,0.0055196504,0.005519650410860777
11061071.GU.CARD..HH,0,0.0063450155,0.006345015484839678
11061071.IV.CRMI..HH,1,0.99827564,0.0017243623733520508
11061071.IV.CSNT..HH,0,0.0032309147,0.003230914706364274
11061071.IV.FROS..HH,0,0.0019486147,0.001948614721186459
11061071.GU.MAIM..HH,0,0.0073648146,0.007364814635366201
11061071.IV.OSSC..HH,0,0.005044404,0.005044403951615095
11061071.IV.PII..HH,0,0.003088413,0.0030884130392223597
11061071.IV.RUFI..EH,1,0.99820614,0.0017938613891601562
1107931.IV.T0825..EH,0,0.007646352,0.007646352052688599
1108181.IV.RAVA..EH,1,0.9223879,0.07761210203170776
1108181.IV.T0819..EH,1,0.9922339,0.007766127586364746
1109861.IV.NOVE..EH,0,0.004588932,0.0045889317989349365
1109861.IV.T0819..EH,1,0.9983315,0.0016685128211975098
1109901.IV.NOVE..EH,0,0.0012487463,0.0012487462954595685
1109901.IV.T0819..EH,1,0.9982938,0.0017061829566955566
1109901.IV.T0825..EH,0,0.00822897,0.008228969760239124
1110111.IV.NOVE..EH,0,0.0028320476,0.0028320476412773132
1110111.IV.T0800..HH,1,0.9972297,0.0027703046798706055
1110111.IV.T0819..EH,1,0.9966427,0.0033572912216186523
1110111.IV.T0825..EH,0,0.009680725,0.009680724702775478
1111831.IV.ZCCA..HH,1,0.996386,0.0036140084266662598
1112991.IV.NOVE..EH,1,0.99610865,0.0038913488388061523
1113661.IV.BDI..HH,0,0.0038724968,0.003872496774420142
1113661.IV.ZCCA..HH,1,0.9990331,0.0009669065475463867
1114321.IV.RAVA..EH,1,0.99755424,0.0024457573890686035
1114321.IV.T0800..HH,0,0.0046315272,0.004631527233868837
1115001.IV.T0800..HH,0,0.0028116636,0.0028116635512560606
1126121.IV.RAVA..EH,0,0.0010770273,0.0010770272929221392
11264061.IV.BRIS..HH,1,0.99849606,0.0015039443969726562
11264061.IV.CAFI..HH,0,0.125686,0.12568600475788116
11264061.IV.CRE..HH,1,0.9963411,0.003658890724182129
11264061.IV.CRMI..HH,0,0.0018934563,0.0018934563267976046
11264061.IV.CSNT..HH,1,0.23399328,0.7660067230463028
11264061.IV.FNVD..HH,1,0.8693937,0.1306062936782837
11264061.IV.LMD..HH,1,0.99279696,0.007203042507171631
11264061.IV.OSSC..HH,0,0.021868974,0.021868973970413208
11264061.IV.RUFI..EH,1,0.9970823,0.0029177069664001465
11264061.IV.SEI..HH,1,0.9978447,0.002155303955078125
11264061.IV.SSP9..EH,1,0.9954957,0.0045043230056762695
11272441.IV.BOB..HH,1,0.9954992,0.0045008063316345215
11272441.GU.CARD..HH,1,0.99841636,0.0015836358070373535
11272441.IV.CRE..HH,0,0.0021789344,0.0021789344027638435
11272441.IV.CRMI..HH,0,0.05005345,0.05005345121026039
11272441.IV.CSNT..HH,0,0.001346981,0.001346981036476791
11272441.GU.EQUI..HH,1,0.99827623,0.0017237663269042969
11272441.IV.FNVD..HH,1,0.99829704,0.0017029643058776855
11272441.GU.GORR..HH,1,0.9897719,0.010228097438812256
11272441.GU.GRAM..HH,1,0.9982343,0.0017657279968261719
11272441.GU.GSCL..HH,1,0.99676305,0.0032369494438171387
11272441.GU.MAIM..HH,1,0.9982628,0.0017371773719787598
11272441.GU.MGRO..HH,1,0.9968236,0.003176391124725342
11272441.IV.MSSA..HH,1,0.99766695,0.00233304500579834
11272441.IV.OSSC..HH,0,0.0067150015,0.006715001538395882
11272441.GU.PCP..HH,1,0.9981891,0.001810908317565918
11272441.IV.PRMA..HH,1,0.8652046,0.1347954273223877
11272441.IV.QLNO..HH,1,0.9923552,0.007644772529602051
11272441.GU.RNCA..HH,1,0.9914745,0.008525490760803223
11272441.IV.ROVR..HH,0,0.21534263,0.21534262597560883
11272441.IV.SALO..HH,0,0.006307072,0.006307072006165981
11272441.GU.SARM..EH,1,0.99784464,0.0021553635597229004
11272441.GU.STV..HH,1,0.9947451,0.005254924297332764
11272441.MN.VLC..HH,1,0.99777764,0.0022223591804504395
11272441.IV.ZCCA..HH,1,0.9985293,0.0014706850051879883
11381101.GU.EQUI..HH,0,0.0027752644,0.00277526443824172
11381101.GU.GORR..HH,0,0.0017356342,0.001735634170472622
11381101.GU.SARM..EH,0,0.0021365099,0.0021365098655223846
1141051.IV.RAVA..EH,0,0.0024765767,0.002476576715707779
1141051.IV.T0800..HH,0,0.0011404743,0.0011404743418097496
1141421.IV.FNVD..HH,0,0.0018948889,0.0018948889337480068
1153381.IV.RAVA..EH,0,0.0014432726,0.0014432725729420781
1153761.IV.FROS..HH,1,0.9979533,0.0020467042922973633
1159541.IV.RAVA..EH,0,0.005112029,0.005112029146403074
1159541.IV.T0800..HH,1,0.9979507,0.0020493268966674805
1159541.IV.T0822..EH,1,0.00884759,0.9911524103954434
1160741.IV.NOVE..EH,0,0.3289451,0.3289451003074646
1162411.IV.FIU..EH,0,0.0040939194,0.004093919415026903
1162411.IV.T0822..EH,0,0.009939143,0.009939143434166908
1168111.IV.T0822..EH,0,0.123485126,0.12348512560129166
1178351.IV.ZCCA..HH,0,0.005894253,0.00589425303041935
11801371.IV.CRMI..HH,1,0.99700284,0.002997159957885742
11801371.GU.MAIM..HH,0,0.07870477,0.07870476692914963
11801371.IV.MTCR..EH,0,0.03926358,0.03926357999444008
11801371.IV.OSSC..HH,0,0.004569583,0.004569583106786013
11801371.IV.PII..HH,0,0.02970479,0.02970479056239128
1184941.IV.RAVA..EH,0,0.0043532504,0.004353250376880169
1194601.IV.NOVE..EH,1,0.88446116,0.1155388355255127
1201821.IV.RAVA..EH,0,0.0019160605,0.0019160604570060968
1201821.IV.T0819..EH,1,0.9949523,0.0050476789474487305
1206631.IV.RAVA..EH,0,0.0025730687,0.002573068719357252
1206631.IV.T0800..HH,1,0.99465483,0.005345165729522705
1207231.IV.T0800..HH,1,0.99749863,0.002501368522644043
1207231.IV.T0822..EH,0,0.0029573292,0.0029573291540145874
1218251.IV.FIU..EH,0,0.0032227861,0.00322278612293303
1218251.IV.RAVA..EH,0,0.002605266,0.002605265937745571
1218251.IV.T0822..EH,1,0.99813145,0.0018685460090637207
1221371.IV.BRIS..HH,1,0.99167854,0.00832146406173706
1221371.IV.SFI..EH,1,0.9978833,0.002116680145263672
12222521.IV.FIU..EH,0,0.0030349873,0.0030349872540682554
12222521.IV.RAVA..EH,0,0.0018384613,0.0018384612631052732
1226231.IV.MABI..HH,1,0.9823185,0.017681479454040527
1226231.IV.MAGA..HH,1,0.99143904,0.00856095552444458
12264381.IV.BDI..HH,1,0.9973322,0.0026677846908569336
12264381.IV.ZCCA..HH,0,0.0027444619,0.002744461875408888
1230071.IV.T0800..HH,1,0.99784964,0.0021503567695617676
1231851.IV.ASQU..HH,1,0.99736977,0.0026302337646484375
1231851.IV.BRIS..HH,0,0.004843152,0.00484315212816
1232311.IV.ASQU..HH,1,0.9991461,0.0008538961410522461
1232311.IV.BRIS..HH,0,0.10795468,0.10795468091964722
1232311.IV.CRE..HH,1,0.99470174,0.005298256874084473
1239831.IV.RAVA..EH,0,0.0011748464,0.0011748464312404394
1240141.IV.FROS..HH,0,0.018935816,0.01893581636250019
1240771.IV.FNVD..HH,1,0.99772054,0.0022794604301452637
1240771.GU.MAIM..HH,1,0.99815375,0.0018462538719177246
1240771.MN.VLC..HH,1,0.99724287,0.002757132053375244
1240771.IV.ZCCA..HH,1,0.9989145,0.001085519790649414
1245871.IV.MAGA..HH,1,0.9939654,0.0060346126556396484
1245871.IV.T0822..EH,1,0.9984864,0.0015136003494262695
1246921.IV.RAVA..EH,0,0.0037148183,0.003714818274602294
1252551.IV.MAGA..HH,1,0.99537283,0.00462716817855835
1252551.IV.T0819..EH,1,0.9976552,0.002344787120819092
1254221.IV.RAVA..EH,0,0.0014640138,0.0014640138251706958
1254221.IV.T0822..EH,1,0.9905273,0.00947272777557373
12565471.GU.GSCL..HH,1,0.99824595,0.0017540454864501953
12565471.IV.ZCCA..HH,1,0.9986391,0.0013608932495117188
12567051.IV.ASQU..HH,1,0.9967895,0.0032104849815368652
12567051.IV.CRE..HH,1,0.98831123,0.011688768863677979
12567051.IV.CSNT..HH,1,0.99885094,0.0011490583419799805
12567051.IV.FROS..HH,0,0.0023400746,0.0023400746285915375
12567051.GU.MAIM..HH,0,0.0057324828,0.005732482764869928
12567051.IV.MAON..HH,1,0.9934609,0.006539106369018555
12567051.IV.MCIV..HH,0,0.0033588316,0.0033588316291570663
12567051.IV.OSSC..HH,1,0.99898,0.0010200142860412598
12567051.IV.PARC..HH,1,0.99292874,0.007071256637573242
12567051.IV.PII..HH,0,0.0037154513,0.003715451341122389
12567051.IV.RUFI..EH,1,0.9954311,0.004568874835968018
12567051.IV.SACS..HH,0,0.010407611,0.010407610796391964
12567051.IV.TRIF..HH,1,0.99826354,0.001736462116241455
12601511.IV.APEC..HH,1,0.99648684,0.003513157367706299
12601511.IV.CAFI..HH,0,0.002318908,0.002318907994776964
12601511.IV.CSNT..HH,0,0.002798729,0.002798729110509157
12601511.IV.FROS..HH,0,0.00424746,0.004247460048645735
12601511.IV.OSSC..HH,0,0.0043712948,0.004371294751763344
12601511.IV.TRIF..HH,1,0.99773806,0.002261936664581299
1263361.IV.RAVA..EH,0,0.008403639,0.008403639309108257
12687421.GU.EQUI..HH,1,0.99525744,0.004742562770843506
12687421.GU.GRAM..HH,1,0.98155296,0.018447041511535645
12687421.IV.MSSA..HH,0,0.0021272213,0.002127221319824457
12687421.IV.PLMA..HH,1,0.9934456,0.00655442476272583
1274011.IV.ROVR..HH,1,0.9973031,0.0026968717575073242
12773611.IV.BRIS..HH,1,0.99843496,0.0015650391578674316
12773611.IV.IMOL..EH,0,0.013971777,0.013971776701509953
12773611.IV.LMD..HH,1,0.99795717,0.002042829990386963
12773611.IV.RUFI..EH,1,0.99751604,0.002483963966369629
12774581.IV.BRIS..HH,1,0.99859846,0.0014015436172485352
12774581.IV.IMOL..EH,0,0.016144585,0.016144584864377975
12774581.IV.LMD..HH,1,0.99663043,0.003369569778442383
1280901.IV.ROVR..HH,1,0.9952716,0.004728376865386963
1280901.IV.ZCCA..HH,0,0.00339375,0.003393749939277768
1281231.IV.ERBM..EH,1,0.9966044,0.0033956170082092285
1281231.IV.ZCCA..HH,0,0.0019406426,0.0019406425999477506
1286741.IV.NOVE..EH,1,0.9978209,0.002179086208343506
1286801.IV.ERBM..EH,1,0.9969607,0.0030393004417419434
1292691.IV.CSNT..HH,1,0.9946858,0.005314171314239502
1292691.IV.FIU..EH,0,0.010406414,0.010406414046883583
1292691.IV.MABI..HH,0,0.005974168,0.005974167957901955
1292691.IV.T0822..EH,0,0.28979045,0.28979045152664185
1292691.IV.TEOL..HH,0,0.0028947927,0.0028947927057743073
1299111.IV.SERM..EH,1,0.99434656,0.005653440952301025
13074171.IV.CAVE..HH,1,0.995859,0.004140973091125488
1311231.IV.CAFI..HH,1,0.99676996,0.0032300353050231934
1311231.IV.CELB..HH,1,0.93673146,0.06326854228973389
1311231.IV.CSNT..HH,1,0.9988178,0.0011821985244750977
1311231.IV.PARC..HH,0,0.0029030547,0.002903054701164365
1311231.IV.SFI..EH,0,0.004304292,0.004304292146116495
13229691.GU.CARD..HH,0,0.0026824726,0.0026824725791811943
13229691.IV.CASP..HH,1,0.9959978,0.004002213478088379
13229691.IV.MAGO..HH,1,0.99805343,0.001946568489074707
13229691.GU.MAIM..HH,0,0.0055738804,0.005573880393058062
13229691.IV.MCIV..HH,1,0.9975085,0.002491474151611328
13229691.IV.MOCL..EH,0,0.0014283941,0.0014283941127359867
13229691.IV.MPPT..EH,1,0.9967527,0.0032473206520080566
13229691.IV.OSSC..HH,0,0.0065505537,0.006550553720444441
13229691.IV.PII..HH,0,0.0031779667,0.0031779666896909475
13229691.IV.SEI..HH,1,0.99750215,0.002497851848602295
13229691.MN.VLC..HH,0,0.003994526,0.0039945258758962154
1323741.IV.RAVA..EH,0,0.0013785128,0.0013785128248855472
1327961.IV.T0813..EH,1,0.99504685,0.004953145980834961
13289461.IV.BRIS..HH,0,0.08848126,0.08848126232624054
13289461.IV.IMOL..EH,0,0.96171343,0.961713433265686
13289461.IV.LMD..HH,1,0.009999734,0.9900002656504512
13289461.IV.MOCL..EH,1,0.99317724,0.006822764873504639
13289461.IV.MTCR..EH,1,0.9824949,0.017505109310150146
13289461.IV.MTRZ..HH,0,0.0016513035,0.0016513034934177995
13289461.IV.SEI..HH,1,0.99337053,0.006629467010498047
13301711.IV.BRIS..HH,0,0.019673664,0.0196736641228199
13301711.IV.CRMI..HH,0,0.049011417,0.04901141673326492
13301711.IV.CSNT..HH,1,0.79414654,0.20585346221923828
13301711.IV.IMOL..EH,1,0.9945771,0.0054228901863098145
13301711.IV.LMD..HH,0,0.30967632,0.30967631936073303
13301711.IV.MOCL..EH,1,0.98806036,0.011939644813537598
13301711.IV.MTCR..EH,1,0.9772341,0.0227658748626709
13301711.IV.MTRZ..HH,0,0.004427676,0.00442767608910799
13301711.IV.OSSC..HH,0,0.0041252477,0.004125247709453106
13375651.IV.MAGO..HH,0,0.0036299129,0.003629912855103612
13375651.IV.OSSC..HH,1,0.9983124,0.0016875863075256348
13408631.GU.GRAM..HH,1,0.996794,0.003206014633178711
13421961.IV.BDI..HH,1,0.98904216,0.010957837104797363
13421961.IV.CASP..HH,0,0.0073148767,0.007314876653254032
13421961.GU.EQUI..HH,0,0.004989047,0.004989047069102526
13421961.GU.GRAM..HH,1,0.9878642,0.012135803699493408
13421961.GU.GSCL..HH,1,0.9983121,0.0016878843307495117
13421961.IV.MOCL..EH,0,0.018803248,0.018803248181939125
13421961.IV.MTCR..EH,0,0.173987,0.1739870011806488
13421961.IV.PRMA..HH,0,0.18102382,0.18102382123470306
13421961.IV.SALO..HH,0,0.007855543,0.007855542935431004
13421961.MN.VLC..HH,0,0.048623674,0.04862367361783981
13421961.IV.ZCCA..HH,1,0.99807435,0.001925647258758545
13433741.IV.CSNT..HH,1,0.99214333,0.007856667041778564
13433741.IV.FROS..HH,1,0.9953813,0.004618704319000244
13433741.IV.OSSC..HH,1,0.9978663,0.0021337270736694336
13438841.IV.CSNT..HH,1,0.99691623,0.0030837655067443848
13438841.IV.OSSC..HH,1,0.99782103,0.002178966999053955
1352151.IV.T0813..EH,1,0.9867502,0.013249814510345459
1352151.IV.T0822..EH,0,0.007559963,0.007559963036328554
13581241.IV.FROS..HH,1,0.9982005,0.0017995238304138184
13581241.IV.MAGO..HH,1,0.9979343,0.002065718173980713
1361241.IV.ARCI..HH,0,0.020426426,0.020426426082849503
1361241.IV.ATBU..EH,0,0.06038236,0.060382358729839325
1361241.IV.ATMI..HH,1,0.98182267,0.018177330493927002
1361241.IV.ATPC..HH,1,0.99173087,0.008269131183624268
1361241.IV.ATPI..EH,0,0.0064237765,0.006423776503652334
1361241.IV.ATVA..EH,0,0.056722928,0.05672292783856392
1361241.IV.ATVO..HH,0,0.01475107,0.0147510701790452
1361241.IV.BOB..HH,1,0.9984251,0.001574873924255371
1361241.IV.CAFI..HH,0,0.0017529622,0.0017529622418805957
1361241.IV.CASP..HH,0,0.0017501701,0.0017501701368018985
1361241.IV.CELB..HH,0,0.0026258018,0.002625801833346486
1361241.IV.FROS..HH,0,0.0020175492,0.0020175492390990257
1361241.GU.GORR..HH,1,0.9986001,0.0013998746871948242
1361241.IV.IMI..HH,1,0.9970936,0.0029063820838928223
1361241.IV.MRGE..HH,1,0.93897843,0.06102156639099121
1361241.IV.MSSA..HH,0,0.0040301653,0.004030165262520313
1361241.IV.MURB..HH,1,0.99421465,0.005785346031188965
1361241.IV.NARO..HH,0,0.0043270374,0.004327037371695042
1361241.GU.NEGI..HH,1,0.994295,0.005704998970031738
1361241.IV.NOVE..EH,1,0.99728364,0.002716362476348877
1361241.IV.PE3..EH,0,0.002422331,0.0024223309010267258
1361241.IV.PIEI..HH,1,0.9904042,0.009595811367034912
1361241.IV.PLMA..HH,0,0.0018848664,0.0018848663894459605
1361241.IV.QLNO..HH,1,0.99804014,0.001959860324859619
1361241.GU.RORO..HH,0,0.0046879477,0.004687947686761618
1361241.IV.SERM..EH,1,0.997211,0.002789020538330078
1361241.GU.STV..HH,1,0.9950411,0.004958927631378174
1361241.IV.T0813..EH,0,0.003704668,0.0037046680226922035
1361241.MN.TUE..HH,0,0.0014501234,0.0014501233818009496
1361241.IV.VARE..HH,0,0.00251907,0.0025190699379891157
1361311.IV.BOB..HH,0,0.0053487737,0.0053487736731767654
1361311.GU.GORR..HH,1,0.99796367,0.0020363330841064453
1361441.GU.GORR..HH,1,0.99817103,0.0018289685249328613
1361711.IV.BOB..HH,1,0.9986402,0.0013598203659057617
1361711.IV.MABI..HH,1,0.9913338,0.00866621732711792
1361741.IV.BOB..HH,1,0.9973829,0.0026171207427978516
1361741.IV.CSNT..HH,1,0.99603367,0.003966331481933594
1361741.GU.GORR..HH,1,0.9965231,0.0034769177436828613
1361741.IV.MABI..HH,0,0.0017536818,0.001753681804984808
1361741.GU.MAIM..HH,0,0.013012631,0.013012630864977837
1361741.IV.MSSA..HH,0,0.001674881,0.0016748809721320868
1361741.GU.POPM..HH,1,0.98845327,0.011546730995178223
1361741.GU.RORO..HH,1,0.9925829,0.007417082786560059
1361741.IV.T0813..EH,0,0.0031405082,0.003140508197247982
1361861.IV.BOB..HH,1,0.9986628,0.0013371706008911133
1361861.GU.GORR..HH,1,0.9980242,0.0019757747650146484
1361861.IV.MABI..HH,1,0.99695474,0.0030452609062194824
1361861.IV.T0813..EH,1,0.9781362,0.021863818168640137
1361861.IV.T0822..EH,0,0.0063345986,0.006334598641842604
1361861.GU.TRAV..HH,0,0.09345445,0.09345445036888123
1361861.IV.VARE..HH,1,0.99561507,0.004384934902191162
1362021.GU.GORR..HH,0,0.003639841,0.0036398409865796566
1362221.IV.T0813..EH,0,0.0012791278,0.0012791277840733528
13638161.IV.CAFI..HH,0,0.0026010803,0.0026010803412646055
13638161.IV.CRMI..HH,1,0.9972088,0.0027912259101867676
13638161.IV.CSNT..HH,0,0.005232608,0.005232607945799828
13638161.IV.LMD..HH,0,0.0087099355,0.00870993547141552
13638161.GU.MAIM..HH,0,0.0036738703,0.003673870349302888
13638161.IV.OSSC..HH,0,0.0038340734,0.003834073431789875
13638161.IV.PII..HH,0,0.02350051,0.023500509560108185
13638161.MN.VLC..HH,1,0.9945624,0.005437612533569336
13665781.IV.MSSA..HH,0,0.004142491,0.0041424911469221115
13666501.IV.CSNT..HH,0,0.003277213,0.003277213079854846
13666501.GU.MAIM..HH,0,0.0043339664,0.004333966411650181
13666501.IV.MOCL..EH,0,0.0028891084,0.0028891083784401417
13666501.IV.SEI..HH,1,0.9966635,0.003336489200592041
13698621.IV.ASQU..HH,0,0.0026278808,0.0026278807781636715
13698621.IV.ATFO..HH,0,0.6869819,0.6869819164276123
13698621.IV.ATMI..HH,0,0.00325651,0.0032565100118517876
13698621.IV.ATPI..EH,0,0.02252222,0.022522220388054848
13698621.IV.ATTE..HH,0,0.030052291,0.030052291229367256
13698621.IV.ATVO..HH,0,0.19706796,0.1970679610967636
13698621.IV.BADI..EH,0,0.013707949,0.013707948848605156
13698621.IV.CAFI..HH,1,0.9979838,0.0020161867141723633
13698621.IV.FROS..HH,1,0.98540944,0.014590561389923096
13698621.IV.MGAB..HH,0,0.008301281,0.008301281370222569
13698621.IV.MURB..HH,0,0.016270926,0.016270926222205162
13698621.IV.PARC..HH,0,0.19128616,0.19128616154193878
13698621.IV.SSP9..EH,0,0.110517226,0.1105172261595726
13698621.IV.TRIF..HH,0,0.009884862,0.00988486222922802
13725471.IV.ASQU..HH,0,0.006046671,0.006046670954674482
13725471.IV.ATVO..HH,1,0.8902881,0.10971188545227051
13725471.IV.CAFI..HH,0,0.008809036,0.008809035643935204
13725471.GU.CARD..HH,0,0.0019280858,0.0019280858105048537
13725471.IV.CRMI..HH,1,0.99769795,0.0023020505905151367
13725471.IV.CSNT..HH,0,0.0018769661,0.0018769660964608192
13725471.GU.EQUI..HH,1,0.74678755,0.25321245193481445
13725471.IV.FROS..HH,0,0.0030815615,0.0030815615318715572
13725471.IV.LMD..HH,0,0.0069239307,0.00692393071949482
13725471.IV.MAGO..HH,1,0.99789864,0.0021013617515563965
13725471.GU.MAIM..HH,0,0.0017482176,0.0017482176190242171
13725471.IV.MOCL..EH,0,0.003007094,0.003007093910127878
13725471.IV.MPPT..EH,1,0.99629384,0.0037061572074890137
13725471.IV.OSSC..HH,0,0.00270617,0.002706170082092285
13725471.IV.PARC..HH,1,0.9588158,0.041184186935424805
13725471.IV.PIEI..HH,1,0.9938771,0.006122887134552002
13725471.IV.PII..HH,0,0.002776826,0.0027768260333687067
13725471.IV.SACS..HH,1,0.9928219,0.007178127765655518
13725471.IV.TRIF..HH,1,0.99543273,0.004567265510559082
13725471.MN.VLC..HH,1,0.98535985,0.01464015245437622
1373931.IV.T0813..EH,0,0.0011736641,0.001173664117231965
1383691.IV.RAVA..EH,0,0.012881538,0.012881537899374962
1383691.IV.T0813..EH,1,0.9979097,0.002090275287628174
1383691.IV.T0822..EH,1,0.99615246,0.0038475394248962402
1385171.IV.RAVA..EH,0,0.0022878197,0.0022878197487443686
1385171.IV.T0813..EH,1,0.9905364,0.009463608264923096
1385171.IV.T0822..EH,1,0.9913663,0.008633673191070557
1385631.IV.T0819..EH,1,0.99817926,0.0018207430839538574
13918861.IV.ZCCA..HH,0,0.003234661,0.003234660951420665
1397331.IV.RAVA..EH,0,0.004495649,0.004495649132877588
1397331.IV.T0822..EH,0,0.17512175,0.1751217544078827
13973581.IV.FROS..HH,0,0.06487654,0.06487654149532318
13973581.GU.MAIM..HH,0,0.003099342,0.0030993421096354723
13973581.IV.OSSC..HH,0,0.008889238,0.008889238350093365
13973581.IV.PII..HH,0,0.009696509,0.009696508757770061
13973581.IV.TRIF..HH,0,0.005866322,0.005866322200745344
14000921.IV.FNVD..HH,1,0.99735147,0.0026485323905944824
14000921.IV.MOCL..EH,0,0.0045693987,0.004569398704916239
14000921.IV.ZCCA..HH,0,0.0051839016,0.005183901637792587
14013701.GU.CARD..HH,0,0.009294607,0.009294606745243073
14013701.IV.CSNT..HH,0,0.002711921,0.0027119209989905357
14013701.IV.FROS..HH,0,0.004753158,0.004753157962113619
14013701.GU.MAIM..HH,0,0.0048276046,0.004827604629099369
14013701.IV.OSSC..HH,0,0.0051682875,0.0051682875491678715
14013701.IV.PII..HH,0,0.0043370705,0.004337070509791374
14013701.IV.RUFI..EH,1,0.9973497,0.002650320529937744
14059881.IV.ASQU..HH,1,0.9916426,0.008357405662536621
14059881.IV.ATBU..EH,1,0.9924998,0.007500171661376953
14059881.IV.ATFO..HH,1,0.99327296,0.006727039813995361
14059881.IV.ATLO..EH,1,0.9958734,0.004126608371734619
14059881.IV.ATMC..EH,0,0.3799652,0.3799651861190796
14059881.IV.ATPC..HH,0,0.0056563346,0.005656334571540356
14059881.IV.ATTE..HH,1,0.12481336,0.8751866370439529
14059881.IV.ATVO..HH,1,0.9971048,0.002895176410675049
14059881.IV.BADI..EH,0,0.004591348,0.004591348115354776
14059881.IV.CAFI..HH,0,0.0053306506,0.0053306506015360355
14059881.GU.CARD..HH,0,0.0019601358,0.0019601357635110617
14059881.IV.CASP..HH,1,0.9935018,0.006498217582702637
14059881.IV.CRE..HH,1,0.9870993,0.012900710105895996
14059881.IV.CRMI..HH,1,0.99845886,0.0015411376953125
14059881.IV.CSNT..HH,0,0.0017422372,0.0017422372475266457
14059881.GU.EQUI..HH,0,0.06407119,0.06407119333744049
14059881.IV.FROS..HH,0,0.0041165785,0.004116578493267298
14059881.IV.LMD..HH,0,0.009954205,0.00995420478284359
14059881.GU.MAIM..HH,0,0.003116183,0.0031161829829216003
14059881.IV.MCIV..HH,1,0.99757636,0.0024236440658569336
14059881.IV.MOCL..EH,0,0.0024238024,0.0024238023906946182
14059881.IV.MPPT..EH,1,0.99719316,0.00280684232711792
14059881.IV.MTCR..EH,0,0.004830728,0.004830727819353342
14059881.IV.OSSC..HH,0,0.0024860166,0.0024860166013240814
14059881.IV.PARC..HH,0,0.0055422694,0.005542269442230463
14059881.IV.PIEI..HH,1,0.9941985,0.005801498889923096
14059881.IV.PII..HH,0,0.0027411438,0.0027411438059061766
14059881.IV.RUFI..EH,1,0.9988454,0.0011546015739440918
14059881.IV.SACS..HH,1,0.99629825,0.0037017464637756348
14059881.IV.SEI..HH,1,0.9929534,0.0070465803146362305
14059881.IV.SSP9..EH,1,0.6237727,0.37622731924057007
14059881.IV.TRIF..HH,0,0.021537097,0.021537097170948982
14059881.MN.VLC..HH,0,0.0033774823,0.003377482295036316
1405991.IV.T0819..EH,1,0.9947567,0.0052433013916015625
1406381.IV.ATVA..EH,1,0.9892696,0.010730385780334473
1406381.IV.ATVO..HH,1,0.9939256,0.006074428558349609
1406381.IV.BRIS..HH,1,0.99842,0.0015799999237060547
1406381.IV.CRE..HH,1,0.99832016,0.001679837703704834
1406381.IV.CSNT..HH,1,0.99849063,0.0015093684196472168
1406381.IV.IMOL..EH,1,0.99772835,0.0022716522216796875
1406381.GU.MAIM..HH,1,0.9976208,0.002379179000854492
1406381.IV.MPAG..EH,1,0.9923785,0.0076215267181396484
1406381.IV.SFI..EH,0,0.0021530103,0.0021530103404074907
1408591.IV.BRIS..HH,0,0.005358201,0.005358200985938311
1408591.IV.SFI..EH,1,0.9976112,0.00238877534866333
14170161.IV.ARCI..HH,0,0.013883591,0.013883590698242188
14170161.IV.ATPI..EH,0,0.0071920985,0.007192098535597324
14170161.IV.BDI..HH,0,0.005691188,0.005691187921911478
14170161.IV.CAFI..HH,0,0.0037629446,0.0037629446014761925
14170161.GU.CARD..HH,0,0.0036811258,0.00368112581782043
14170161.IV.CRMI..HH,1,0.99641705,0.0035829544067382812
14170161.IV.CSNT..HH,0,0.0035437965,0.003543796483427286
14170161.IV.FROS..HH,0,0.0029437784,0.002943778410553932
14170161.IV.MAGO..HH,1,0.99776804,0.0022319555282592773
14170161.GU.MAIM..HH,0,0.005354398,0.005354397930204868
14170161.IV.MCIV..HH,0,0.045714173,0.04571417346596718
14170161.IV.MTCR..EH,0,0.017603194,0.0176031943410635
14170161.IV.OSSC..HH,0,0.0023011172,0.0023011171724647284
14170161.IV.PIEI..HH,1,0.96904165,0.030958354473114014
14170161.IV.PII..HH,0,0.0024828848,0.0024828847963362932
14170161.IV.SACS..HH,1,0.9925509,0.007449090480804443
14170161.GU.SARM..EH,0,0.107030414,0.10703041404485703
14170161.IV.SEI..HH,1,0.99608606,0.003913938999176025
14170161.IV.TRIF..HH,1,0.9976578,0.00234222412109375
14170161.MN.VLC..HH,0,0.0045836656,0.004583665635436773
14185231.GU.GRAM..HH,1,0.9974617,0.002538323402404785
14193311.GU.CARD..HH,0,0.011920366,0.011920366436243057
14193311.GU.EQUI..HH,1,0.99850124,0.0014987587928771973
14193311.MN.VLC..HH,0,0.0017149198,0.0017149198101833463
14309891.GU.EQUI..HH,0,0.00222696,0.00222695991396904
14309891.GU.GRAM..HH,0,0.00350366,0.003503659972921014
14309891.GU.MAIM..HH,0,0.040224746,0.040224745869636536
14309891.IV.PII..HH,0,0.010335428,0.010335427708923817
14309891.GU.SARM..EH,0,0.0022875778,0.002287577837705612
1433261.IV.RAVA..EH,0,0.0020937894,0.0020937894005328417
14395441.IV.BDI..HH,1,0.9901559,0.00984412431716919
14395441.IV.BRIS..HH,1,0.9905648,0.009435176849365234
14395441.IV.CRMI..HH,1,0.998392,0.0016080141067504883
14395441.IV.FNVD..HH,0,0.0066820723,0.006682072300463915
14395441.IV.MOCL..EH,0,0.00448912,0.0044891200959682465
14395441.IV.MTRZ..HH,1,0.99507207,0.004927933216094971
14395441.GU.POPM..HH,1,0.9979852,0.0020148158073425293
14395581.IV.CRMI..HH,1,0.99708563,0.0029143691062927246
14395581.IV.FNVD..HH,0,0.019602252,0.019602252170443535
14395581.IV.MOCL..EH,0,0.017104354,0.01710435375571251
14395581.IV.MPPT..EH,1,0.9976564,0.002343595027923584
14395581.IV.MTRZ..HH,1,0.99521345,0.004786550998687744
14395581.GU.POPM..HH,1,0.9981428,0.0018572211265563965
14395581.GU.SARM..EH,1,0.96304774,0.03695225715637207
14395581.MN.VLC..HH,0,0.73053926,0.7305392622947693
14395981.IV.ASQU..HH,0,0.08051672,0.08051671832799911
14395981.IV.BDI..HH,0,0.043514706,0.04351470619440079
14395981.IV.CRMI..HH,1,0.9945802,0.005419790744781494
14395981.IV.FNVD..HH,0,0.0024574916,0.0024574915878474712
14395981.IV.MOCL..EH,0,0.0033230027,0.0033230027183890343
14395981.IV.MPPT..EH,1,0.99760705,0.0023929476737976074
14395981.IV.MTRZ..HH,1,0.997792,0.0022079944610595703
14395981.GU.POPM..HH,1,0.9977984,0.0022016167640686035
14395981.IV.RUFI..EH,1,0.8772198,0.1227802038192749
14395981.GU.SARM..EH,0,0.0041403356,0.004140335600823164
14395981.IV.SEI..HH,0,0.010124002,0.010124001652002335
14395981.IV.ZCCA..HH,1,0.9968858,0.0031142234802246094
14397941.IV.MOCL..EH,0,0.0060391845,0.006039184518158436
14397941.IV.MPPT..EH,1,0.99314016,0.006859838962554932
14409311.IV.ASQU..HH,1,0.9927695,0.007230520248413086
14409311.IV.ATMC..EH,0,0.014755411,0.014755411073565483
14409311.IV.BADI..EH,0,0.04385997,0.043859969824552536
14409311.IV.BDI..HH,1,0.99297184,0.007028162479400635
14409311.IV.CAFI..HH,0,0.007318229,0.0073182289488613605
14409311.GU.CARD..HH,0,0.0017362457,0.0017362457001581788
14409311.IV.CRMI..HH,1,0.99619424,0.0038057565689086914
14409311.IV.CSNT..HH,0,0.004688898,0.004688898101449013
14409311.GU.EQUI..HH,0,0.0146433115,0.014643311500549316
14409311.IV.FROS..HH,0,0.0032331177,0.003233117749914527
14409311.IV.LMD..HH,0,0.005225187,0.0052251871675252914
14409311.IV.MAGO..HH,1,0.9925929,0.007407128810882568
14409311.GU.MAIM..HH,0,0.0019343586,0.0019343586172908545
14409311.IV.MCIV..HH,1,0.9937225,0.006277501583099365
14409311.IV.MOCL..EH,0,0.004290328,0.004290327895432711
14409311.IV.MTCR..EH,1,0.99589235,0.004107654094696045
14409311.IV.OSSC..HH,0,0.006726057,0.006726056803017855
14409311.IV.PARC..HH,0,0.058916792,0.05891679227352142
14409311.IV.PIEI..HH,1,0.99314904,0.0068509578704833984
14409311.IV.PII..HH,0,0.003271051,0.0032710509840399027
14409311.GU.POPM..HH,0,0.016964575,0.01696457527577877
14409311.IV.RUFI..EH,1,0.9971401,0.0028598904609680176
14409311.GU.SARM..EH,1,0.9807784,0.019221603870391846
14409311.IV.SEI..HH,1,0.9954057,0.004594326019287109
14409311.IV.SSP9..EH,1,0.98668087,0.013319134712219238
14409311.MN.VLC..HH,0,0.005417516,0.005417515989392996
14486011.IV.BDI..HH,1,0.99871707,0.0012829303741455078
14486011.GU.CARD..HH,1,0.9986588,0.0013412237167358398
14486011.IV.CRMI..HH,1,0.9978315,0.0021684765815734863
14486011.GU.EQUI..HH,1,0.9896863,0.010313689708709717
14486011.IV.FNVD..HH,0,0.0020576075,0.0020576075185090303
14486011.GU.GSCL..HH,1,0.9974524,0.002547621726989746
14486011.GU.MAIM..HH,1,0.9978247,0.002175271511077881
14486011.IV.MOCL..EH,1,0.99793375,0.0020662546157836914
14486011.IV.MPPT..EH,0,0.00577005,0.00577004998922348
14486011.IV.PII..HH,1,0.99790096,0.0020990371704101562
14486011.GU.POPM..HH,1,0.99820715,0.0017928481101989746
14486011.GU.SARM..EH,0,0.0068192,0.006819199770689011
14486011.IV.SEI..HH,0,0.00775765,0.007757650222629309
14486011.MN.VLC..HH,0,0.008463279,0.008463279344141483
14486011.IV.ZCCA..HH,1,0.9979811,0.0020189285278320312
14510281.IV.BOB..HH,1,0.9983933,0.0016067028045654297
14510281.GU.CANO..HH,1,0.99810237,0.0018976330757141113
14510281.GU.EQUI..HH,1,0.997415,0.002584993839263916
14510281.GU.GORR..HH,1,0.9970956,0.0029044151306152344
14510281.IV.QLNO..HH,1,0.99597543,0.00402456521987915
14510281.GU.RNCA..HH,1,0.9967545,0.0032454729080200195
14566501.IV.BDI..HH,0,0.0017347274,0.001734727411530912
14566501.GU.CARD..HH,0,0.11038562,0.11038561910390854
14566501.IV.CRMI..HH,0,0.0026874181,0.002687418134883046
14566501.IV.FNVD..HH,1,0.9967688,0.003231227397918701
14566501.IV.MOCL..EH,0,0.0021501672,0.0021501672454178333
14566501.IV.MPPT..EH,1,0.99816996,0.0018300414085388184
14566501.IV.MTCR..EH,1,0.997699,0.0023009777069091797
14566501.IV.PII..HH,1,0.9981208,0.0018792152404785156
14566501.GU.POPM..HH,1,0.9976977,0.0023022890090942383
14566501.MN.VLC..HH,0,0.004119128,0.004119127988815308
14591261.IV.CSNT..HH,1,0.99904054,0.0009594559669494629
14591261.IV.MAGO..HH,1,0.99822134,0.0017786622047424316
14591261.IV.OSSC..HH,1,0.99718374,0.0028162598609924316
14601011.IV.BDI..HH,1,0.99665415,0.0033458471298217773
14601011.IV.CRMI..HH,1,0.99272287,0.007277131080627441
14601011.IV.FNVD..HH,1,0.99820375,0.0017962455749511719
14601011.GU.GSCL..HH,1,0.98946774,0.010532259941101074
14601011.IV.MOCL..EH,0,0.0023173874,0.0023173873778432608
14601011.IV.MPPT..EH,1,0.99740744,0.0025925636291503906
14601011.IV.MTCR..EH,1,0.99872464,0.0012753605842590332
14601011.GU.POPM..HH,1,0.99480724,0.005192756652832031
14601011.MN.VLC..HH,1,0.9980857,0.0019143223762512207
14601011.IV.ZCCA..HH,1,0.9969431,0.0030568838119506836
14613961.IV.BDI..HH,1,0.9973187,0.0026813149452209473
14613961.GU.CARD..HH,1,0.99845624,0.0015437602996826172
14613961.IV.FNVD..HH,1,0.99780184,0.002198159694671631
14613961.GU.MAIM..HH,1,0.98315316,0.016846835613250732
14613961.IV.MOCL..EH,0,0.002412687,0.0024126870557665825
14613961.IV.MPPT..EH,1,0.9981311,0.001868903636932373
14613961.IV.MTCR..EH,1,0.9988738,0.0011262297630310059
14613961.GU.POPM..HH,1,0.9976279,0.0023720860481262207
14613961.GU.SARM..EH,1,0.9977051,0.00229489803314209
14613961.MN.VLC..HH,1,0.9979866,0.00201338529586792
14613961.IV.ZCCA..HH,1,0.997789,0.00221097469329834
14752231.IV.CSNT..HH,1,0.9855777,0.014422297477722168
14752231.IV.FROS..HH,1,0.9961954,0.003804624080657959
14752231.IV.SEI..HH,1,0.9940075,0.005992472171783447
14754101.IV.FIU..EH,0,0.0049442477,0.004944247659295797
14754101.IV.RAVA..EH,0,0.007871522,0.007871521636843681
14755621.IV.OSSC..HH,0,0.013154105,0.01315410528331995
14755621.IV.RAVA..EH,0,0.0014979979,0.0014979979023337364
1480441.IV.RAVA..EH,1,0.998018,0.001981973648071289
1480441.IV.T0813..EH,0,0.005375405,0.005375404842197895
14864661.IV.FNVD..HH,0,0.01869594,0.01869593933224678
14864661.IV.ZCCA..HH,1,0.9981181,0.0018818974494934082
14879531.IV.CAVE..HH,1,0.9976511,0.0023488998413085938
14879531.IV.NDIM..HH,0,0.0022704257,0.002270425669848919
14879531.IV.ROVR..HH,0,0.0024774994,0.002477499423548579
14879531.IV.TEOL..HH,1,0.99678016,0.0032198429107666016
14992341.IV.BDI..HH,1,0.9981517,0.0018482804298400879
14992341.GU.CARD..HH,1,0.9982148,0.0017852187156677246
14992341.IV.MOCL..EH,0,0.0021035792,0.002103579230606556
14992341.IV.MPPT..EH,1,0.9986067,0.0013933181762695312
14992341.IV.MTCR..EH,1,0.99869746,0.0013025403022766113
14992341.GU.POPM..HH,1,0.9971839,0.0028160810470581055
14992341.GU.SARM..EH,1,0.99842495,0.0015750527381896973
14992341.MN.VLC..HH,1,0.9966757,0.003324270248413086
14992341.IV.ZCCA..HH,1,0.9980659,0.0019341111183166504
1502141.IV.SFI..EH,1,0.028553871,0.9714461285620928
15168901.IV.RAVA..EH,0,0.0024116784,0.002411678433418274
15181151.IV.ZCCA..HH,1,0.9982784,0.0017216205596923828
15193661.IV.FIU..EH,0,0.18439002,0.18439002335071564
15193661.ST.GAGG..HH,0,0.037084587,0.037084586918354034
15194371.IV.FIU..EH,0,0.07874511,0.07874511182308197
15194371.IV.TEOL..HH,0,0.0031138244,0.0031138244085013866
15199571.IV.CSNT..HH,1,0.9966633,0.0033367276191711426
15199741.IV.OSSC..HH,1,0.9988071,0.001192927360534668
15202081.IV.ARCI..HH,0,0.003768141,0.0037681409157812595
15202081.IV.ATMI..HH,0,0.0046575214,0.00465752137824893
15202081.IV.CAFI..HH,1,0.99424165,0.005758345127105713
15202081.IV.CRE..HH,1,0.9971886,0.0028113722801208496
15202081.IV.CSNT..HH,1,0.99688596,0.003114044666290283
15202081.IV.FROS..HH,1,0.9978854,0.002114593982696533
15202081.IV.MCIV..HH,0,0.0022891522,0.0022891522385179996
15202081.IV.OSSC..HH,1,0.9980483,0.0019516944885253906
15202081.IV.PARC..HH,1,0.99456877,0.005431234836578369
15202081.IV.SSP9..EH,0,0.0034181203,0.0034181203227490187
15245931.GU.CARD..HH,0,0.050305832,0.05030583217740059
15245931.IV.CSNT..HH,0,0.0032767742,0.0032767741940915585
15245931.IV.FNVD..HH,0,0.58697015,0.5869701504707336
15245931.IV.FROS..HH,1,0.99746376,0.0025362372398376465
15245931.IV.MAGO..HH,1,0.9958204,0.004179596900939941
15245931.GU.MAIM..HH,0,0.0030314096,0.00303140957839787
15245931.IV.MOCL..EH,0,0.01961855,0.019618550315499306
15245931.IV.MTCR..EH,0,0.18945429,0.18945428729057312
15245931.IV.OSSC..HH,0,0.011108034,0.011108034290373325
15245931.IV.PII..HH,0,0.052878477,0.052878476679325104
15245931.IV.RUFI..EH,1,0.9909813,0.00901871919631958
15245931.MN.VLC..HH,1,0.98602635,0.013973653316497803
15273501.GU.POPM..HH,1,0.9969735,0.0030264854431152344
15273501.IV.ZCCA..HH,1,0.99613833,0.003861665725708008
1527531.IV.T0813..EH,0,0.0013464533,0.0013464533258229494
15276551.GU.GSCL..HH,1,0.996705,0.003295004367828369
15276551.IV.ZCCA..HH,1,0.9991066,0.0008934140205383301
1527911.IV.RAVA..EH,1,0.99795294,0.0020470619201660156
1527911.IV.ZCCA..HH,0,0.0056153187,0.005615318659693003
1531781.IV.RAVA..EH,0,0.0023016583,0.00230165827088058
15357391.IV.ASQU..HH,1,0.9819934,0.018006622791290283
15357391.IV.FNVD..HH,1,0.99804527,0.0019547343254089355
15357391.IV.LMD..HH,1,0.9944411,0.005558907985687256
15357391.IV.MOCL..EH,0,0.0020573442,0.002057344187051058
15357391.IV.MPPT..EH,1,0.9924997,0.007500290870666504
15357391.IV.MTCR..EH,1,0.99827546,0.001724541187286377
15357391.IV.MTRZ..HH,0,0.0026231832,0.002623183187097311
15357391.GU.POPM..HH,0,0.0066645104,0.006664510350674391
15357391.IV.SEI..HH,1,0.99899954,0.0010004639625549316
15517511.IV.ARCI..HH,1,0.9970436,0.002956390380859375
15517511.IV.CASP..HH,0,0.0077536986,0.007753698620945215
15517511.IV.CSNT..HH,0,0.0021968717,0.0021968716755509377
15517511.IV.FROS..HH,0,0.0019628757,0.0019628757145255804
15517511.IV.OSSC..HH,0,0.0052335816,0.005233581643551588
15599161.GU.GSCL..HH,1,0.99304587,0.0069541335105896
15599161.GU.SARM..EH,1,0.9964286,0.0035713911056518555
15599161.MN.VLC..HH,1,0.9944539,0.005546092987060547
1562101.IV.RAVA..EH,0,0.001472679,0.00147267896682024
15624091.IV.BDI..HH,0,0.007874876,0.007874876260757446
15624091.GU.CARD..HH,0,0.013322177,0.013322177343070507
15624091.GU.GRAM..HH,0,0.00928468,0.009284679777920246
15624091.GU.GSCL..HH,0,0.0026051719,0.002605171874165535
15624091.GU.MAIM..HH,1,0.9952379,0.004762113094329834
15624091.GU.SARM..EH,0,0.015020877,0.015020877122879028
15624091.MN.VLC..HH,0,0.018248333,0.018248332664370537
15666651.IV.ASQU..HH,1,0.99624366,0.0037563443183898926
15666651.IV.CSNT..HH,0,0.013673186,0.013673186302185059
15666651.IV.FROS..HH,1,0.99809384,0.0019061565399169922
15666651.GU.MAIM..HH,0,0.0032867861,0.0032867861445993185
15666651.IV.OSSC..HH,0,0.0027545765,0.0027545765042304993
15666651.IV.PII..HH,0,0.0065392684,0.006539268419146538
15666651.IV.RUFI..EH,1,0.99836737,0.0016326308250427246
15666651.IV.SEI..HH,1,0.99749064,0.0025093555450439453
15666801.IV.CRMI..HH,0,0.0023600324,0.00236003240570426
15666801.IV.CSNT..HH,0,0.0050789937,0.005078993737697601
15666801.GU.MAIM..HH,0,0.0024395694,0.0024395694490522146
15666801.IV.OSSC..HH,0,0.011747407,0.011747406795620918
15666801.IV.PII..HH,0,0.0027766346,0.0027766346465796232
15666801.IV.RUFI..EH,1,0.9965031,0.003496885299682617
15666801.IV.SEI..HH,1,0.9978786,0.0021213889122009277
15681281.GU.EQUI..HH,1,0.9946407,0.005359292030334473
15681281.GU.GORR..HH,1,0.99725455,0.0027454495429992676
15681281.GU.GRAM..HH,1,0.99739903,0.0026009678840637207
15681281.IV.MSSA..HH,1,0.99676085,0.003239154815673828
15681281.GU.SARM..EH,1,0.99046004,0.009539961814880371
15688531.GU.GORR..HH,1,0.9984833,0.0015166997909545898
15688531.GU.GRAM..HH,1,0.9989102,0.0010898113250732422
15688531.IV.MSSA..HH,1,0.99827534,0.0017246603965759277
15688531.GU.RNCA..HH,1,0.9978484,0.0021516084671020508
15688701.GU.EQUI..HH,1,0.9890508,0.010949194431304932
15688701.GU.GORR..HH,1,0.99691194,0.003088057041168213
15688701.IV.MSSA..HH,1,0.99654204,0.003457963466644287
15689421.GU.GORR..HH,1,0.99749976,0.0025002360343933105
15689421.IV.MSSA..HH,1,0.9800508,0.01994919776916504
15690111.GU.GORR..HH,1,0.9942519,0.005748093128204346
15690111.IV.MSSA..HH,1,0.99747723,0.002522766590118408
15693871.IV.CAVE..HH,1,0.9947339,0.005266070365905762
15693871.IV.RAVA..EH,0,0.033060297,0.03306029736995697
15694511.GU.GRAM..HH,0,0.0050703553,0.0050703552551567554
15694511.IV.MSSA..HH,0,0.002010652,0.002010652096942067
15694511.IV.PLMA..HH,0,0.0014373207,0.0014373207231983542
15694511.IV.PRMA..HH,0,0.039645858,0.039645858108997345
1572251.IV.APPI..EH,1,0.9921998,0.0078002214431762695
1572251.IV.BDI..HH,1,0.99779564,0.0022043585777282715
1572251.IV.CRE..HH,1,0.91352797,0.0864720344543457
1572251.IV.CSNT..HH,1,0.98386425,0.016135752201080322
1572251.IV.ERBM..EH,1,0.9966342,0.003365814685821533
1572251.IV.FNVD..HH,1,0.99815327,0.0018467307090759277
1572251.IV.MAGA..HH,1,0.99530405,0.00469595193862915
1572251.GU.MAIM..HH,1,0.99787265,0.002127349376678467
1572251.GU.POPM..HH,0,0.07774605,0.07774604856967926
1572251.IV.ROVR..HH,1,0.9977522,0.0022478103637695312
1572251.IV.TEOL..HH,1,0.99760455,0.002395451068878174
1572251.MN.VLC..HH,1,0.998918,0.001082003116607666
1572251.IV.ZCCA..HH,1,0.99818504,0.0018149614334106445
1572321.GU.POPM..HH,1,0.99890006,0.0010999441146850586
15771091.GU.EQUI..HH,0,0.0096882805,0.009688280522823334
15771091.GU.GRAM..HH,1,0.9985797,0.0014203190803527832
15771091.IV.MSSA..HH,1,0.9979195,0.0020805001258850098
15771091.GU.SARM..EH,1,0.99537975,0.004620254039764404
1579411.IV.ASQU..HH,1,0.9982475,0.0017524957656860352
1579411.IV.IMOL..EH,0,0.011419427,0.011419426649808884
1579411.IV.MTRZ..HH,0,0.0025395115,0.002539511537179351
1579411.IV.PARC..HH,1,0.99352545,0.006474554538726807
1579411.IV.SFI..EH,1,0.9980048,0.0019952058792114258
15794691.IV.ARCI..HH,0,0.0015129679,0.0015129678649827838
15794691.IV.ASQU..HH,1,0.99832016,0.001679837703704834
15794691.IV.BDI..HH,0,0.005920376,0.0059203761629760265
15794691.IV.CAFI..HH,1,0.9981995,0.0018004775047302246
15794691.IV.CASP..HH,1,0.9981007,0.0018993020057678223
15794691.IV.CRE..HH,1,0.997708,0.0022919774055480957
15794691.IV.CRMI..HH,1,0.99245185,0.007548153400421143
15794691.IV.CSNT..HH,1,0.9977975,0.0022025108337402344
15794691.IV.FROS..HH,1,0.99836296,0.0016370415687561035
15794691.GU.GRAM..HH,0,0.0050155856,0.005015585571527481
15794691.IV.LATE..HH,0,0.024201782,0.024201782420277596
15794691.IV.LMD..HH,0,0.009129195,0.009129194542765617
15794691.IV.MAON..HH,1,0.9977097,0.0022903084754943848
15794691.IV.MCIV..HH,0,0.0039841123,0.0039841122925281525
15794691.IV.MGAB..HH,0,0.0026747938,0.0026747938245534897
15794691.IV.MOCL..EH,0,0.020542396,0.02054239623248577
15794691.IV.MPPT..EH,1,0.9953234,0.0046765804290771484
15794691.IV.MSSA..HH,0,0.0016588176,0.0016588176367804408
15794691.IV.OSSC..HH,1,0.9976451,0.002354919910430908
15794691.IV.PLMA..HH,0,0.0025775637,0.0025775637477636337
15794691.GU.POPM..HH,1,0.99806577,0.0019342303276062012
15794691.IV.RIBO..EH,0,0.9962866,0.9962865710258484
15794691.IV.RUFI..EH,1,0.99799174,0.0020082592964172363
15794691.IV.SACS..HH,0,0.0021031038,0.0021031037904322147
15794691.GU.SARM..EH,0,0.0018502754,0.001850275439210236
15794691.IV.SFI..EH,1,0.99718475,0.00281524658203125
15794691.IV.TOLF..HH,1,0.99838316,0.001616835594177246
1579481.IV.ASQU..HH,1,0.9988986,0.001101374626159668
1579481.IV.MTRZ..HH,0,0.0042661256,0.004266125615686178
1579571.IV.ASQU..HH,1,0.9968754,0.0031245946884155273
1579571.IV.SFI..EH,0,0.992838,0.9928380250930786
1579761.IV.ASQU..HH,1,0.99742764,0.002572357654571533
1579761.IV.SFI..EH,1,0.99814653,0.0018534660339355469
15799041.GU.CARD..HH,1,0.99107444,0.008925557136535645
15799041.GU.EQUI..HH,0,0.0042309444,0.004230944439768791
15799041.GU.GRAM..HH,1,0.99697083,0.003029167652130127
15799041.GU.GSCL..HH,1,0.9948219,0.005178093910217285
15799041.IV.MSSA..HH,1,0.99847984,0.0015201568603515625
15799041.IV.PII..HH,0,0.0033553073,0.0033553072717040777
15799041.GU.POPM..HH,1,0.99452156,0.0054784417152404785
15799041.GU.SARM..EH,1,0.9977846,0.0022153854370117188
15799041.MN.VLC..HH,1,0.9972348,0.002765178680419922
1580001.IV.ASQU..HH,1,0.99788064,0.0021193623542785645
1580001.IV.MTRZ..HH,0,0.026236705,0.026236705482006073
15816941.IV.BDI..HH,1,0.9928226,0.007177412509918213
15816941.GU.CARD..HH,1,0.9932011,0.006798923015594482
15816941.IV.CRMI..HH,0,0.005228591,0.005228591151535511
15816941.IV.CSNT..HH,0,0.0039777122,0.003977712243795395
15816941.GU.EQUI..HH,0,0.024498284,0.024498283863067627
15816941.GU.MAIM..HH,0,0.00127847,0.0012784700375050306
15816941.IV.MPPT..EH,1,0.9873041,0.012695908546447754
15816941.IV.MTCR..EH,0,0.010911226,0.010911226272583008
15816941.IV.OSSC..HH,0,0.0030351921,0.003035192145034671
15816941.IV.PII..HH,0,0.006640342,0.006640342064201832
15816941.GU.POPM..HH,1,0.967417,0.032582998275756836
15816941.MN.VLC..HH,1,0.9927434,0.007256627082824707
1582481.IV.SFI..EH,0,0.58121914,0.5812191367149353
15871281.IV.BRIS..HH,1,0.9984667,0.0015333294868469238
15871281.IV.MTRZ..HH,0,0.0053797537,0.005379753652960062
15871281.IV.SEI..HH,1,0.99562025,0.004379749298095703
1587481.IV.ERBM..EH,1,0.9938606,0.006139397621154785
1587481.MN.VLC..HH,0,0.011488703,0.011488703079521656
1587481.IV.ZCCA..HH,1,0.9983289,0.0016710758209228516
1587951.IV.ERBM..EH,1,0.99438006,0.005619943141937256
1588961.IV.ERBM..EH,1,0.9888204,0.011179625988006592
1588961.IV.IMOL..EH,0,0.020364128,0.020364128053188324
1588961.IV.ZCCA..HH,1,0.9980538,0.0019462108612060547
1588991.IV.BDI..HH,1,0.99377495,0.0062250494956970215
1588991.IV.FNVD..HH,0,0.0050148196,0.00501481955870986
1588991.GU.POPM..HH,1,0.9966852,0.003314793109893799
1588991.IV.ZCCA..HH,1,0.99629676,0.0037032365798950195
1592819.IV.BOB..HH,1,0.9983155,0.0016844868659973145
1592819.IV.RAVA..EH,0,0.8675224,0.8675224184989929
1592839.IV.BOB..HH,1,0.99911,0.0008900165557861328
15937041.GU.GSCL..HH,1,0.9988907,0.001109302043914795
15937041.GU.POPM..HH,1,0.9988978,0.0011022090911865234
15937041.GU.SARM..EH,1,0.99925286,0.0007471442222595215
15965551.IV.ATMC..EH,1,0.99542725,0.004572749137878418
15965551.IV.BRIS..HH,0,0.0059620915,0.005962091498076916
15965551.GU.CARD..HH,0,0.03240483,0.0324048288166523
15965551.IV.CRE..HH,1,0.9941149,0.005885124206542969
15965551.IV.CRMI..HH,0,0.0021277252,0.002127725165337324
15965551.IV.FNVD..HH,0,0.028747203,0.028747202828526497
15965551.IV.IMOL..EH,0,0.008889771,0.008889771066606045
15965551.IV.LMD..HH,1,0.9978373,0.0021626949310302734
15965551.GU.MAIM..HH,0,0.0117884595,0.011788459494709969
15965551.IV.MPPT..EH,0,0.008685189,0.008685189299285412
15965551.IV.MTRZ..HH,1,0.96435344,0.03564655780792236
15965551.IV.OSSC..HH,0,0.00358912,0.0035891199950128794
15965551.GU.POPM..HH,0,0.00297458,0.00297458004206419
15965551.IV.RSM2..HH,0,0.021532591,0.021532591432332993
15965551.IV.RUFI..EH,1,0.99820346,0.0017965435981750488
15965551.IV.SEI..HH,1,0.99782914,0.002170860767364502
15965551.IV.SFI..EH,1,0.9977757,0.0022243261337280273
15965551.IV.ZCCA..HH,0,0.0023420001,0.002342000138014555
1597199.IV.FNVD..HH,0,0.0016817526,0.0016817526193335652
15980631.GU.EQUI..HH,0,0.0099973185,0.009997318498790264
15980631.GU.GRAM..HH,1,0.86357296,0.13642704486846924
1598121.MN.VLC..HH,1,0.99837613,0.0016238689422607422
1598399.IV.APPI..EH,0,0.0029662452,0.0029662451706826687
1598399.IV.BOB..HH,0,0.0029305432,0.002930543152615428
1598399.IV.DOI..HH,0,0.35874748,0.3587474822998047
1598399.IV.FNVD..HH,1,0.9983746,0.0016254186630249023
1598399.MN.TUE..HH,0,0.0014793377,0.001479337690398097
1598399.MN.VLC..HH,1,0.99775374,0.002246260643005371
1598429.IV.FNVD..HH,1,0.9957995,0.0042005181312561035
1598429.MN.VLC..HH,1,0.9983461,0.001653909683227539
1599639.IV.SFI..EH,0,0.1789467,0.17894670367240906
1599841.IV.ARCI..HH,0,0.008797842,0.0087978420779109
1599841.IV.CSNT..HH,1,0.998039,0.0019609928131103516
1599841.IV.FROS..HH,1,0.99208385,0.007916152477264404
1600569.IV.BOB..HH,0,0.00900182,0.009001820348203182
1601839.IV.FNVD..HH,1,0.9978668,0.002133190631866455
16020681.IV.CAVE..HH,1,0.99629235,0.0037076473236083984
16020681.IV.RAVA..EH,1,0.9980322,0.001967787742614746
16022871.IV.MAGA..HH,0,0.0053956164,0.0053956164047122
16022871.IV.RAVA..EH,1,0.98948234,0.010517656803131104
1602649.MN.VLC..HH,1,0.99763566,0.00236433744430542
1604369.IV.FNVD..HH,1,0.9985506,0.0014494061470031738
1605799.IV.ERBM..EH,1,0.9930888,0.006911218166351318
1605799.IV.FNVD..HH,0,0.0029418909,0.0029418908525258303
1608259.IV.SFI..EH,1,0.99212337,0.00787663459777832
1608559.IV.ARCI..HH,0,0.0030110064,0.003011006396263838
1608649.IV.FNVD..HH,0,0.0018122982,0.0018122982000932097
1608929.IV.ERBM..EH,0,0.014697301,0.01469730120152235
1610749.IV.BOB..HH,1,0.9988196,0.001180410385131836
1613299.IV.ARCI..HH,1,0.99562377,0.004376232624053955
1613669.IV.BOB..HH,1,0.99459416,0.005405843257904053
1613669.IV.ERBM..EH,0,0.006494103,0.0064941029995679855
1613669.IV.MDI..HH,1,0.99669987,0.0033001303672790527
1613669.MN.TUE..HH,1,0.99733937,0.0026606321334838867
1617081.IV.FROS..HH,1,0.9988857,0.0011143088340759277
1617081.IV.TRIF..HH,1,0.99706554,0.0029344558715820312
1617749.IV.ERBM..EH,0,0.11026981,0.11026980727910995
1619979.IV.ARCI..HH,1,0.9972861,0.002713918685913086
1619979.IV.PZZT..HH,1,0.99550796,0.004492044448852539
16215281.IV.RAVA..EH,0,0.019711386,0.019711386412382126
1622381.IV.CSNT..HH,1,0.9959244,0.004075586795806885
1622449.IV.BDI..HH,1,0.9969351,0.003064870834350586
1622449.IV.ERBM..EH,1,0.9988318,0.0011681914329528809
16225101.GU.GRAM..HH,1,0.998636,0.001363992691040039
1624121.IV.SERM..EH,0,0.003624309,0.0036243090871721506
1627839.IV.ERBM..EH,0,0.3201215,0.32012149691581726
1627839.IV.SALO..HH,1,0.9964775,0.003522515296936035
1629039.IV.BOB..HH,0,0.0031302362,0.0031302361749112606
1629039.IV.ERBM..EH,1,0.9649025,0.035097479820251465
1629039.IV.SALO..HH,0,0.012983879,0.012983879074454308
1629429.IV.ERBM..EH,1,0.99837375,0.0016262531280517578
1629691.IV.RAVA..EH,1,0.9966096,0.003390371799468994
1633431.GU.POPM..HH,1,0.99699837,0.0030016303062438965
1633431.IV.ZCCA..HH,0,0.0035786158,0.003578615840524435
16349541.IV.BRIS..HH,1,0.99825805,0.001741945743560791
1635621.IV.FROS..HH,0,0.00469831,0.004698310047388077
1639409.IV.BDI..HH,0,0.0038780335,0.003878033487126231
1639409.IV.BOB..HH,0,0.0028019382,0.0028019382152706385
1639409.IV.ERBM..EH,1,0.9852576,0.014742374420166016
1639409.IV.FNVD..HH,1,0.9574851,0.042514920234680176
1639409.IV.PZZT..HH,0,0.0041025737,0.0041025737300515175
1639409.MN.VLC..HH,1,0.95408815,0.04591184854507446
1640589.IV.FNVD..HH,1,0.96085566,0.03914433717727661
1640849.IV.BADI..EH,1,0.067329794,0.9326702058315277
1640849.IV.CRE..EH,1,0.9888061,0.01119387149810791
1640849.IV.FNVD..HH,1,0.9907245,0.009275496006011963
1640849.IV.RSM..EH,1,0.02962579,0.970374209806323
1640849.IV.SFI..EH,0,0.91571707,0.9157170653343201
1641009.IV.FNVD..HH,1,0.99719614,0.0028038620948791504
1642639.IV.PZZT..HH,1,0.99863935,0.0013606548309326172
1644969.IV.FNVD..HH,1,0.7589231,0.24107688665390015
1645029.IV.BDI..HH,1,0.9818659,0.018134117126464844
1646479.IV.BDI..HH,1,0.9988724,0.0011276006698608398
1646479.IV.ERBM..EH,1,0.99743205,0.0025679469108581543
1646479.MN.VLC..HH,1,0.99869305,0.0013069510459899902
1646539.IV.ERBM..EH,1,0.9979244,0.0020756125450134277
1646539.IV.PZZT..HH,1,0.99813914,0.0018608570098876953
1647679.IV.SFI..EH,1,0.99837404,0.0016259551048278809
1647779.IV.FNVD..HH,1,0.9977725,0.002227485179901123
1647779.IV.PZZT..HH,1,0.9983789,0.0016211271286010742
1647819.IV.BDI..HH,1,0.99882513,0.0011748671531677246
1647819.IV.ERBM..EH,1,0.99849033,0.0015096664428710938
1647819.IV.FNVD..HH,0,0.003728552,0.003728552022948861
1647819.IV.PZZT..HH,1,0.9831579,0.016842126846313477
1649429.IV.FNVD..HH,0,0.0042723706,0.004272370599210262
1649429.IV.PZZT..HH,1,0.9981658,0.0018342137336730957
1649429.MN.VLC..HH,1,0.9977122,0.0022878050804138184
1650299.IV.ARCI..HH,0,0.002352614,0.0023526139557361603
1650299.IV.BDI..HH,0,0.0030425137,0.0030425137374550104
1650299.IV.BOB..HH,1,0.9980729,0.0019270777702331543
1650299.IV.CING..HH,0,0.0024404665,0.002440466545522213
1650299.IV.ERBM..EH,0,0.0019602636,0.0019602635875344276
1650299.IV.FIU..EH,0,0.0026718343,0.0026718343142420053
1650299.IV.PZZT..HH,0,0.002561708,0.002561707980930805
1650299.IV.SACS..HH,0,0.0015510132,0.0015510132070630789
1650299.IV.SFI..EH,1,0.99401337,0.005986630916595459
1650299.MN.TUE..HH,1,0.9978129,0.002187073230743408
1650299.MN.VLC..HH,0,0.0020139902,0.0020139901898801327
1654199.IV.ARCI..HH,0,0.0015735228,0.0015735228080302477
1654199.IV.BADI..EH,1,0.9968361,0.0031638741493225098
1654199.IV.CING..HH,1,0.99758786,0.002412140369415283
1654199.IV.CRE..EH,0,0.0070467186,0.007046718616038561
1654199.IV.MURB..HH,0,0.008006611,0.008006610907614231
1654199.IV.SACS..HH,0,0.0017084813,0.0017084813443943858
1654199.IV.SFI..EH,1,0.99655235,0.0034476518630981445
1654679.IV.BDI..HH,1,0.9727125,0.02728748321533203
1654679.IV.BOB..HH,0,0.003599895,0.003599894931539893
1654679.IV.ERBM..EH,1,0.99772274,0.0022772550582885742
1654679.IV.FNVD..HH,1,0.99836683,0.0016331672668457031
1654679.IV.PZZT..HH,1,0.9975619,0.0024381279945373535
1654679.MN.VLC..HH,1,0.99713457,0.002865433692932129
16632881.IV.BDI..HH,1,0.9899872,0.010012805461883545
16632881.IV.CRMI..HH,1,0.9938183,0.0061817169189453125
16632881.IV.MOCL..EH,1,0.9966962,0.003303825855255127
16632881.IV.MPPT..EH,0,0.01249097,0.012490970082581043
16632881.IV.MTCR..EH,0,0.018899107,0.018899107351899147
16632881.GU.POPM..HH,1,0.9965278,0.0034722089767456055
16632881.IV.SEI..HH,1,0.9985196,0.001480400562286377
1663839.MN.VLC..HH,1,0.99648285,0.00351715087890625
1664821.IV.ERBM..EH,1,0.9983481,0.0016518831253051758
16648421.IV.MTCR..EH,1,0.99841475,0.001585245132446289
16648421.IV.PII..HH,1,0.97495204,0.02504795789718628
1668289.IV.ERBM..EH,0,0.0066922996,0.006692299619317055
1668289.IV.FNVD..HH,1,0.9955605,0.0044394731521606445
1668289.IV.PZZT..HH,1,0.9976018,0.002398192882537842
1668289.MN.VLC..HH,0,0.001922621,0.0019226210424676538
1668509.IV.SFI..EH,0,0.0025136326,0.002513632643967867
1670189.IV.BDI..HH,1,0.9976254,0.002374589443206787
1670189.IV.FNVD..HH,0,0.0048107323,0.004810732323676348
1670189.MN.VLC..HH,1,0.9982358,0.0017641782760620117
1670289.IV.BDI..HH,1,0.9988331,0.0011668801307678223
1670289.MN.VLC..HH,1,0.9943446,0.005655407905578613
1670309.IV.BDI..HH,1,0.91829777,0.08170223236083984
1670309.IV.ERBM..EH,0,0.001879682,0.0018796819495037198
1670309.MN.VLC..HH,0,0.0032996295,0.0032996295485645533
1670319.IV.ARCI..HH,1,0.9941411,0.005858898162841797
16706601.IV.FIU..EH,0,0.0020101783,0.0020101782865822315
16706601.IV.ZCCA..HH,1,0.9975393,0.0024607181549072266
16751321.GU.ENR..HH,1,0.9474312,0.052568793296813965
16751321.GU.EQUI..HH,1,0.9971528,0.0028471946716308594
16751321.IV.PII..HH,1,0.99613184,0.0038681626319885254
1676719.IV.PZZT..HH,1,0.99814314,0.0018568634986877441
16787131.IV.CAFI..HH,0,0.0037774406,0.0037774406373500824
16787131.IV.CRMI..HH,0,0.007337514,0.007337513845413923
16787131.IV.CSNT..HH,0,0.015321649,0.015321648679673672
16787131.IV.FROS..HH,1,0.9970296,0.002970397472381592
16787131.IV.OSSC..HH,0,0.0070787407,0.007078740745782852
16787131.IV.PII..HH,0,0.003493262,0.0034932619892060757
16787131.IV.RUFI..EH,1,0.9985399,0.0014600753784179688
16787131.IV.SEI..HH,1,0.9971128,0.0028871893882751465
1679169.MN.VLC..HH,0,0.0019804556,0.001980455592274666
1681469.IV.FNVD..HH,1,0.9982866,0.001713395118713379
1681469.IV.PZZT..HH,1,0.9950853,0.004914700984954834
1681469.MN.VLC..HH,1,0.9976975,0.00230252742767334
1682331.GU.POPM..HH,1,0.9979635,0.0020365118980407715
1682331.IV.ZCCA..HH,1,0.99603224,0.003967761993408203
16829971.IV.PII..HH,0,0.002858973,0.0028589731082320213
1684761.IV.CAVE..HH,1,0.9982812,0.0017188191413879395
1684761.IV.RAVA..EH,0,0.0017541852,0.0017541851848363876
1684979.MN.TUE..HH,0,0.014897167,0.01489716675132513
1684979.MN.VLC..HH,1,0.9974905,0.002509474754333496
1685449.IV.SFI..EH,1,0.10235959,0.8976404070854187
1686049.IV.BDI..HH,1,0.99767005,0.0023299455642700195
1686049.IV.ERBM..EH,1,0.99849075,0.001509249210357666
1686049.MN.VLC..HH,1,0.9972111,0.0027889013290405273
1686069.IV.ERBM..EH,1,0.9980463,0.001953721046447754
1686179.IV.ERBM..EH,1,0.9933412,0.006658792495727539
1686239.IV.ERBM..EH,1,0.9980973,0.0019026994705200195
1688511.IV.ZCCA..HH,1,0.9977306,0.0022693872451782227
1690979.IV.BOB..HH,0,0.0069192043,0.006919204257428646
1690979.IV.ERBM..EH,0,0.009376136,0.009376135654747486
1690979.IV.SALO..HH,1,0.9900519,0.00994807481765747
1690979.MN.VLC..HH,0,0.0034350792,0.0034350792411714792
1692401.IV.BDI..HH,0,0.0035146887,0.0035146886948496103
1692401.IV.CRMI..HH,1,0.9920517,0.00794827938079834
1692401.GU.EQUI..HH,0,0.028385622,0.028385622426867485
1692401.IV.MTCR..EH,1,0.9969222,0.0030778050422668457
1692401.GU.POPM..HH,0,0.0055944202,0.005594420246779919
1692401.MN.VLC..HH,0,0.009890473,0.009890473447740078
16949011.IV.BRIS..HH,1,0.998329,0.0016710162162780762
16949011.IV.IMOL..EH,1,0.9970709,0.002929091453552246
16949011.IV.LMD..HH,0,0.001450568,0.0014505679719150066
16949011.IV.MTCR..EH,1,0.99735063,0.002649366855621338
16949011.IV.SEI..HH,1,0.99716324,0.002836763858795166
1696079.IV.BOB..HH,1,0.99736214,0.0026378631591796875
1696089.IV.BOB..HH,0,0.008216674,0.00821667443960905
1696839.IV.FNVD..HH,0,0.0032126599,0.003212659852579236
1696909.IV.BOB..HH,1,0.9941075,0.005892515182495117
1696909.IV.MDI..HH,1,0.99619675,0.003803253173828125
1697041.IV.APPI..EH,1,0.9967515,0.0032485127449035645
1697041.IV.ASQU..HH,0,0.061273675,0.06127367541193962
1697041.IV.BOB..HH,0,0.0026961672,0.0026961672119796276
1697041.IV.BRMO..HH,1,0.9980435,0.0019565224647521973
1697041.IV.CASP..HH,1,0.99546856,0.004531443119049072
1697041.IV.CAVE..HH,1,0.95498186,0.045018136501312256
1697041.IV.CELB..HH,1,0.9957703,0.004229724407196045
1697041.IV.CPGN..EH,1,0.9957666,0.004233419895172119
1697041.IV.CTI..HH,1,0.98712254,0.012877464294433594
1697041.IV.IMI..HH,1,0.9887051,0.011294901371002197
1697041.SI.KOSI..HH,1,0.9972488,0.002751171588897705
1697041.IV.MABI..HH,1,0.99772114,0.0022788643836975098
1697041.IV.MAGA..HH,1,0.99740124,0.0025987625122070312
1697041.GU.MAIM..HH,1,0.9968001,0.0031998753547668457
1697041.IV.MSSA..HH,0,0.0012081151,0.0012081151362508535
1697041.IV.MTRZ..HH,0,0.0030291034,0.0030291033908724785
1697041.IV.NOVE..EH,1,0.97886366,0.021136343479156494
1697041.IV.PRMA..HH,1,0.99697554,0.003024458885192871
1697041.IV.SALO..HH,1,0.9949556,0.005044400691986084
1697041.IV.SSP9..EH,0,0.028872611,0.02887261100113392
1697041.IV.T0819..EH,1,0.9872881,0.012711882591247559
1697041.IV.TEOL..HH,1,0.9981384,0.001861572265625
1697041.MN.VLC..HH,1,0.99537927,0.004620730876922607
1697041.IV.ZCCA..HH,0,0.0009853616,0.000985361635684967
1697091.MN.VLC..HH,0,0.007846674,0.00784667395055294
16972901.IV.ATLO..EH,1,0.54275674,0.45724326372146606
16972901.IV.CAFI..HH,0,0.04701481,0.047014810144901276
16972901.IV.CSNT..HH,0,0.0033893401,0.003389340126886964
16972901.IV.MPPT..EH,1,0.8688916,0.13110840320587158
16972901.IV.OSSC..HH,0,0.0045004818,0.004500481765717268
1697681.IV.BDI..HH,0,0.008828295,0.008828295394778252
1697681.GU.EQUI..HH,1,0.98816645,0.011833548545837402
1698099.IV.FNVD..HH,0,0.005342255,0.005342254880815744
1698101.IV.MTCR..EH,0,0.003924613,0.003924612887203693
1698101.MN.VLC..HH,1,0.991687,0.008313000202178955
1698151.MN.VLC..HH,1,0.9983998,0.0016002058982849121
1698389.IV.RAVA..EH,1,0.99882174,0.0011782646179199219
1698521.MN.VLC..HH,0,0.0023251371,0.00232513714581728
1698721.MN.VLC..HH,0,0.0031357438,0.003135743783786893
1698961.IV.BDI..HH,1,0.99738646,0.002613544464111328
1698961.GU.POPM..HH,1,0.9982649,0.001735091209411621
1698961.MN.VLC..HH,0,0.0037073677,0.00370736769400537
1699111.IV.BDI..HH,1,0.99723786,0.002762138843536377
1699111.MN.VLC..HH,1,0.99686533,0.0031346678733825684
1699111.IV.ZCCA..HH,0,0.029537534,0.029537534341216087
1699391.GU.GRAM..HH,1,0.99825907,0.0017409324645996094
1699391.IV.MTCR..EH,0,0.009856937,0.00985693745315075
1699391.GU.POPM..HH,1,0.9967637,0.0032362937927246094
1699391.MN.VLC..HH,1,0.87534386,0.12465614080429077
1699581.GU.GRAM..HH,0,0.0028862185,0.00288621848449111
1699581.IV.MSSA..HH,0,0.028984206,0.028984205797314644
1699981.GU.MAIM..HH,1,0.99560356,0.0043964385986328125
1699981.GU.POPM..HH,1,0.99722147,0.0027785301208496094
1699981.MN.VLC..HH,0,0.0031218154,0.003121815389022231
1700611.IV.BDI..HH,1,0.992046,0.007954001426696777
1700611.GU.POPM..HH,1,0.9878557,0.012144327163696289
1700611.MN.VLC..HH,1,0.9984011,0.0015988945960998535
1702071.IV.BDI..HH,1,0.9966168,0.0033832192420959473
1702071.GU.MAIM..HH,1,0.99702036,0.0029796361923217773
1702071.GU.POPM..HH,0,0.0061492166,0.006149216555058956
1702071.MN.VLC..HH,1,0.99786824,0.0021317601203918457
1702251.IV.BDI..HH,0,0.008748337,0.00874833669513464
1702251.MN.VLC..HH,0,0.0032378542,0.0032378542236983776
17023091.GU.MAIM..HH,1,0.9981001,0.0018998980522155762
17023091.IV.PII..HH,1,0.99774396,0.002256035804748535
1702321.MN.VLC..HH,1,0.9976244,0.0023756027221679688
1702371.MN.VLC..HH,0,0.0023623211,0.0023623211309313774
17023841.IV.ARCI..HH,1,0.9950905,0.004909515380859375
17023841.IV.MAON..HH,1,0.9970466,0.0029534101486206055
17023841.IV.MCIV..HH,0,0.006469577,0.006469577085226774
17023841.IV.PII..HH,1,0.99733603,0.0026639699935913086
17024681.OX.BALD..HH,0,0.01704828,0.01704828068614006
17024681.IV.BOB..HH,1,0.99801147,0.001988530158996582
17024681.GU.CANO..HH,0,0.0025659476,0.0025659475941210985
17024681.OX.CGRP..HH,0,0.0030900917,0.003090091748163104
17024681.IV.CTI..HH,0,0.00528178,0.005281779915094376
17024681.ST.DOSS..HH,0,0.0018769216,0.0018769216258078814
17024681.GU.EQUI..HH,1,0.99722505,0.002774953842163086
17024681.ST.GAGG..HH,0,0.0016135076,0.0016135076293721795
17024681.GU.GBOS..HH,0,0.0014427025,0.0014427024871110916
17024681.GU.GORR..HH,0,0.0018666969,0.0018666968680918217
17024681.GU.GRAM..HH,1,0.99813724,0.0018627643585205078
17024681.IV.IMI..HH,0,0.006165532,0.006165531929582357
17024681.SI.LUSI..HH,0,0.002205621,0.0022056209854781628
17024681.OX.MARN..HH,0,0.0032733388,0.0032733387779444456
17024681.IV.MSSA..HH,0,0.0012290446,0.0012290446320548654
17024681.IV.PLMA..HH,0,0.001987707,0.0019877071026712656
17024681.IV.QLNO..HH,0,0.008950669,0.008950669318437576
17024681.GU.RNCA..HH,0,0.0049939402,0.0049939402379095554
17024681.GU.RORO..HH,1,0.9976464,0.0023536086082458496
17024681.IV.ROVR..HH,0,0.0027637412,0.002763741184026003
17024681.IV.SARZ..HH,1,0.45974645,0.5402535498142242
17024681.GU.TRAV..HH,1,0.99381447,0.0061855316162109375
1703261.GU.GRAM..HH,0,0.00524843,0.00524843018501997
1703261.GU.POPM..HH,0,0.009547357,0.009547357447445393
1703261.MN.VLC..HH,1,0.99795735,0.0020426511764526367
1703831.IV.PLMA..HH,1,0.9948787,0.005121290683746338
1703831.MN.VLC..HH,0,0.0026937656,0.002693765563890338
1703901.GU.EQUI..HH,0,0.0017093258,0.0017093258211389184
1703901.GU.GRAM..HH,0,0.0014617362,0.0014617361593991518
1703901.GU.MAIM..HH,1,0.9980513,0.001948714256286621
1703901.GU.POPM..HH,0,0.0036144487,0.0036144487094134092
1703901.MN.VLC..HH,0,0.0019096261,0.0019096260657534003
1703901.IV.ZCCA..HH,1,0.99698424,0.003015756607055664
1704441.IV.BDI..HH,1,0.9972674,0.002732574939727783
1704441.GU.MAIM..HH,1,0.9972618,0.00273817777633667
1704441.GU.POPM..HH,1,0.9972481,0.0027518868446350098
1704441.MN.VLC..HH,0,0.0043248115,0.004324811510741711
1704581.IV.BDI..HH,0,0.0066057793,0.0066057792864739895
1704581.GU.POPM..HH,1,0.9963447,0.0036553144454956055
1704761.IV.RAVA..EH,1,0.99769974,0.002300262451171875
1705581.IV.BDI..HH,1,0.9990176,0.0009824037551879883
1705581.MN.VLC..HH,0,0.0027881651,0.002788165118545294
1705621.IV.BDI..HH,1,0.99792105,0.0020789504051208496
1705621.GU.GRAM..HH,0,0.002025288,0.002025288064032793
1705621.IV.MTCR..EH,0,0.007829994,0.007829993963241577
1705621.MN.VLC..HH,1,0.996472,0.003527998924255371
1706121.GU.EQUI..HH,1,0.99158055,0.008419454097747803
1706121.GU.GRAM..HH,1,0.9970948,0.0029051899909973145
1706121.GU.POPM..HH,1,0.99385893,0.006141066551208496
1706121.MN.VLC..HH,1,0.9973022,0.0026978254318237305
1706321.MN.VLC..HH,0,0.00077770726,0.0007777072605676949
1706601.MN.VLC..HH,1,0.9972875,0.0027124881744384766
1707711.IV.MTCR..EH,0,0.0035781614,0.0035781613551080227
1707711.MN.VLC..HH,0,0.008200485,0.00820048525929451
1708451.IV.BDI..HH,0,0.0053059678,0.0053059677593410015
1708451.MN.VLC..HH,1,0.9959178,0.004082202911376953
1708481.MN.VLC..HH,1,0.9920807,0.0079193115234375
1708581.IV.BDI..HH,1,0.99658394,0.0034160614013671875
1708581.GU.GRAM..HH,1,0.99518186,0.004818141460418701
1708581.GU.MAIM..HH,1,0.9981558,0.0018442273139953613
1708581.GU.POPM..HH,1,0.99687064,0.0031293630599975586
1708581.MN.VLC..HH,0,0.002861557,0.002861557062715292
1709041.IV.MSSA..HH,0,0.0010985066,0.0010985066182911396
17093001.GU.SARM..EH,1,0.9963562,0.003643810749053955
1710131.IV.BDI..HH,1,0.99742794,0.0025720596313476562
1710131.GU.POPM..HH,0,0.0024942695,0.0024942695163190365
1710211.IV.BDI..HH,1,0.99691504,0.0030849575996398926
1710211.GU.POPM..HH,1,0.9951693,0.004830718040466309
1710211.MN.VLC..HH,1,0.98244935,0.017550647258758545
1710269.IV.BOB..HH,0,0.004782854,0.004782854113727808
1710291.IV.BDI..HH,1,0.99764514,0.002354860305786133
1710291.GU.POPM..HH,1,0.9978219,0.0021780729293823242
1710291.MN.VLC..HH,0,0.0065238224,0.00652382243424654
1710839.IV.ERBM..EH,1,0.9974848,0.0025151968002319336
1710839.MN.VLC..HH,1,0.9988693,0.0011307001113891602
1711819.IV.NOVE..EH,1,0.99906886,0.0009311437606811523
1712639.IV.BDI..HH,1,0.9980086,0.0019913911819458008
17128811.IV.BRIS..HH,1,0.999045,0.0009549856185913086
17128811.IV.CAFI..HH,0,0.005254239,0.005254238843917847
17128811.IV.IMOL..EH,0,0.004379733,0.004379732999950647
17128811.IV.LMD..HH,1,0.9976738,0.00232619047164917
17128811.GU.POPM..HH,0,0.35500094,0.35500094294548035
17128811.IV.SEI..HH,1,0.996543,0.003457009792327881
1712991.IV.BDI..HH,1,0.99825025,0.0017497539520263672
1712991.GU.POPM..HH,0,0.005264564,0.005264563951641321
1712991.MN.VLC..HH,0,0.0008345525,0.0008345525129698217
1713569.IV.BDI..HH,1,0.99477863,0.005221366882324219
1713569.IV.SFI..EH,1,0.9973697,0.002630293369293213
1713579.IV.BDI..HH,1,0.9910643,0.008935689926147461
1713821.IV.FIU..EH,0,0.0013923277,0.0013923277147114277
1714491.IV.RAVA..EH,0,0.00141685,0.0014168500201776624
1714491.IV.SERM..EH,0,0.024893781,0.024893781170248985
1714601.IV.BDI..HH,1,0.99784255,0.002157449722290039
1714601.GU.MAIM..HH,1,0.99687797,0.0031220316886901855
1714601.IV.MTCR..EH,1,0.99860394,0.0013960599899291992
1714601.GU.POPM..HH,1,0.9979322,0.0020678043365478516
1714601.MN.VLC..HH,0,0.008448283,0.008448283188045025
1714801.GU.POPM..HH,1,0.9970161,0.0029839277267456055
1714801.MN.VLC..HH,0,0.00528204,0.005282040219753981
1714871.GU.POPM..HH,1,0.9973605,0.002639472484588623
1714871.MN.VLC..HH,0,0.010983663,0.01098366267979145
1716141.GU.POPM..HH,1,0.99623,0.003769993782043457
17166551.IV.BDI..HH,1,0.9746521,0.025347888469696045
17166551.GU.CARD..HH,1,0.9988325,0.0011674761772155762
17166551.IV.CRMI..HH,1,0.99858034,0.001419663429260254
17166551.IV.FNVD..HH,1,0.9986869,0.0013130903244018555
17166551.GU.GSCL..HH,1,0.99845654,0.0015434622764587402
17166551.GU.MAIM..HH,1,0.9987168,0.0012832283973693848
17166551.IV.MOCL..EH,0,0.003937236,0.003937236033380032
17166551.IV.MTCR..EH,1,0.9981673,0.001832723617553711
17166551.IV.PII..HH,1,0.9980251,0.0019748806953430176
17166551.GU.POPM..HH,1,0.99728274,0.002717256546020508
17166551.GU.SARM..EH,1,0.99777806,0.0022219419479370117
17166551.MN.VLC..HH,1,0.998436,0.00156402587890625
1717721.IV.BDI..HH,1,0.9984749,0.00152510404586792
1717721.GU.POPM..HH,1,0.995927,0.004073023796081543
1717721.MN.VLC..HH,0,0.004419914,0.0044199139811098576
1719821.IV.BDI..HH,1,0.9986876,0.0013123750686645508
1719931.MN.VLC..HH,0,0.0027199464,0.002719946438446641
17221881.IV.FROS..HH,0,0.032256015,0.03225601464509964
1722199.IV.ERBM..EH,1,0.989295,0.010704994201660156
1722199.IV.FNVD..HH,0,0.0054241573,0.005424157250672579
1722199.IV.PZZT..HH,0,0.003664426,0.003664426039904356
1722199.MN.VLC..HH,1,0.99602026,0.003979742527008057
1722351.IV.ARCI..HH,1,0.99643975,0.0035602450370788574
1722351.IV.CSNT..HH,0,0.004788693,0.00478869304060936
1722351.IV.FROS..HH,0,0.015805546,0.015805546194314957
1722351.IV.MCIV..HH,1,0.9899262,0.01007378101348877
1723589.IV.SFI..EH,0,0.019399228,0.01939922757446766
1723899.IV.ERBM..EH,1,0.99768573,0.002314269542694092
1724589.IV.CRMI..HH,1,0.9983864,0.001613616943359375
1724589.IV.FNVD..HH,0,0.0015532078,0.0015532077522948384
1724879.IV.ARCI..HH,1,0.99720305,0.002796947956085205
1725209.IV.PZZT..HH,1,0.9988127,0.0011873245239257812
1725301.IV.BDI..HH,1,0.99622476,0.0037752389907836914
1725541.IV.CRMI..HH,1,0.0045052036,0.9954947964288294
1725541.IV.FROS..HH,0,0.004584906,0.004584906157106161
1725809.IV.FNVD..HH,1,0.99707663,0.0029233694076538086
1725809.MN.VLC..HH,1,0.9969982,0.0030018091201782227
1725839.IV.BDI..HH,1,0.99871325,0.0012867450714111328
1725839.IV.ERBM..EH,1,0.9974771,0.002522885799407959
1725839.IV.FNVD..HH,1,0.99772006,0.002279937267303467
1725839.MN.VLC..HH,1,0.998032,0.0019680261611938477
17264811.IV.ATLO..EH,1,0.9982164,0.001783609390258789
17264811.IV.ATMC..EH,1,0.996745,0.003255009651184082
17264811.IV.ATPI..EH,1,0.9938885,0.006111502647399902
17264811.IV.ATVO..HH,1,0.9971245,0.00287550687789917
17264811.IV.BDI..HH,1,0.9974681,0.002531886100769043
17264811.IV.CAFI..HH,1,0.99711204,0.0028879642486572266
17264811.IV.CASP..HH,1,0.99759203,0.002407968044281006
17264811.IV.CRMI..HH,1,0.9983789,0.0016211271286010742
17264811.IV.CSNT..HH,1,0.997402,0.002597987651824951
17264811.IV.FNVD..HH,1,0.995588,0.0044119954109191895
17264811.IV.FROS..HH,1,0.997302,0.0026980042457580566
17264811.IV.MPPT..EH,1,0.9974613,0.0025386810302734375
17264811.IV.MTCR..EH,1,0.9977122,0.0022878050804138184
17264811.IV.OSSC..HH,1,0.9987369,0.0012630820274353027
17264811.IV.PARC..HH,1,0.9959876,0.004012405872344971
17264811.GU.POPM..HH,1,0.99698037,0.0030196309089660645
17264811.IV.RIBO..EH,1,0.002673484,0.9973265160806477
17264811.IV.SEI..HH,1,0.9975429,0.0024570822715759277
17264811.IV.SSP9..EH,1,0.9968952,0.0031048059463500977
1728561.GU.EQUI..HH,1,0.9976961,0.002303898334503174
1728561.IV.PLMA..HH,1,0.99837834,0.0016216635704040527
1728611.GU.SARM..HH,0,0.012727818,0.012727818451821804
1728611.MN.VLC..HH,0,0.007544792,0.007544791791588068
1728871.IV.BDI..HH,1,0.99779874,0.002201259136199951
1728871.GU.CARD..HH,1,0.9989355,0.0010644793510437012
1728871.GU.SARM..HH,0,0.0045220153,0.00452201534062624
1728871.MN.VLC..HH,0,0.0030455438,0.003045543795451522
17288751.GU.SARM..EH,0,0.004565681,0.004565680865198374
1729691.GU.SARM..HH,1,0.9911721,0.008827924728393555
1729941.IV.BDI..HH,1,0.99819815,0.0018018484115600586
1729941.GU.CARD..HH,1,0.99751705,0.0024829506874084473
1729941.GU.POPM..HH,1,0.9981264,0.001873612403869629
1729941.MN.VLC..HH,0,0.004436163,0.004436163231730461
1730769.IV.FNVD..HH,0,0.0029618542,0.0029618542175740004
1730891.IV.BDI..HH,1,0.9977512,0.002248823642730713
1730891.GU.CARD..HH,1,0.9981424,0.0018575787544250488
1730891.GU.SARM..HH,0,0.0019645866,0.001964586554095149
1730891.MN.VLC..HH,0,0.001072077,0.0010720769641920924
17315061.GU.MAIM..HH,1,0.99821484,0.0017851591110229492
17315061.IV.PII..HH,1,0.97686654,0.023133456707000732
17321941.IV.BOB..HH,0,0.002386392,0.002386392094194889
17321941.GU.GORR..HH,0,0.0015263467,0.0015263466630131006
17321941.GU.GRAM..HH,0,0.0026150919,0.0026150918565690517
17321941.IV.PLMA..HH,1,0.9978606,0.0021393895149230957
17340571.IV.BDI..HH,0,0.762328,0.762328028678894
17340571.GU.CARD..HH,1,0.9973914,0.0026085972785949707
17340571.IV.FNVD..HH,1,0.9966398,0.0033602118492126465
17340571.GU.GSCL..HH,0,0.002635622,0.0026356219314038754
17340571.GU.MAIM..HH,1,0.99030036,0.009699642658233643
17340571.GU.POPM..HH,1,0.99783546,0.0021645426750183105
17340571.GU.SARM..EH,1,0.9959859,0.004014074802398682
17340571.MN.VLC..HH,1,0.9951269,0.004873096942901611
1735981.IV.ERBM..EH,0,0.0036697378,0.0036697378382086754
1738611.IV.FROS..HH,0,0.002033876,0.002033876022323966
1738661.IV.FROS..HH,1,0.99879646,0.0012035369873046875
1738661.IV.TRIF..HH,0,0.0019481883,0.001948188291862607
1738831.IV.BDI..HH,1,0.9981852,0.0018147826194763184
1738831.GU.EQUI..HH,0,0.054421756,0.05442175641655922
1738831.IV.ERBM..EH,0,0.0026518183,0.0026518183294683695
1738831.GU.POPM..HH,1,0.9961548,0.00384521484375
1738831.MN.VLC..HH,1,0.99807715,0.0019228458404541016
1739641.IV.BDI..HH,1,0.99872464,0.0012753605842590332
1739641.IV.ERBM..EH,1,0.9983248,0.0016751885414123535
1739641.IV.MTCR..EH,1,0.98792857,0.012071430683135986
1739641.IV.PLMA..HH,1,0.9924367,0.007563292980194092
1739641.GU.POPM..HH,1,0.99788964,0.0021103620529174805
1739641.MN.VLC..HH,0,0.010932113,0.01093211304396391
17415771.GU.GORR..HH,0,0.0050391085,0.0050391084514558315
17435991.IV.IMOL..EH,1,0.9969742,0.003025829792022705
17435991.IV.MOCL..EH,1,0.9946422,0.005357801914215088
17435991.IV.RUFI..EH,0,0.08631308,0.08631307631731033
17436871.IV.BDI..HH,1,0.99600166,0.0039983391761779785
17436871.GU.CARD..HH,1,0.99776393,0.0022360682487487793
17436871.IV.PII..HH,1,0.009249865,0.990750134922564
17436871.MN.VLC..HH,1,0.008390386,0.9916096143424511
17442151.IV.MTRZ..HH,1,0.9963252,0.003674805164337158
17442151.IV.OSSC..HH,0,0.003895524,0.0038955239579081535
17479741.IV.MTCR..EH,1,0.9955621,0.004437923431396484
17479741.IV.SEI..HH,1,0.9923659,0.007634103298187256
17489431.GU.CARD..HH,1,0.99751234,0.002487659454345703
17489431.MN.VLC..HH,0,0.0015818449,0.001581844873726368
17496101.GU.MAIM..HH,0,0.002585348,0.0025853479746729136
17496101.IV.OSSC..HH,0,0.0043406985,0.004340698476880789
17496101.IV.PII..HH,0,0.0032800727,0.003280072705820203
1750469.IV.CRMI..HH,1,0.9978788,0.0021212100982666016
1750479.IV.ERBM..EH,1,0.9988654,0.0011345744132995605
1750479.MN.VLC..HH,1,0.9988114,0.0011885762214660645
17513971.GU.GRAM..HH,1,0.9980438,0.0019562244415283203
17513971.GU.MAIM..HH,0,0.031600755,0.03160075470805168
17513971.IV.PRMA..HH,0,0.026162475,0.02616247534751892
17513971.GU.SARM..EH,0,0.05148807,0.05148807168006897
1751519.MN.VLC..HH,1,0.9977407,0.0022593140602111816
1752719.IV.PZZT..HH,1,0.9784654,0.021534621715545654
1753059.IV.FNVD..HH,1,0.99722034,0.002779662609100342
1753199.IV.FNVD..HH,1,0.987476,0.012524008750915527
17534711.IV.BDI..HH,0,0.005897733,0.0058977329172194
17534711.IV.FNVD..HH,0,0.021512326,0.02151232585310936
17534711.GU.GSCL..HH,0,0.0024164107,0.002416410716250539
17534711.IV.MTCR..EH,0,0.0039713457,0.0039713457226753235
17534711.GU.POPM..HH,0,0.001397671,0.0013976709451526403
17534711.IV.ZCCA..HH,1,0.99838203,0.0016179680824279785
17540491.IV.BRIS..HH,1,0.9959206,0.00407940149307251
17540491.IV.MTRZ..HH,0,0.006800816,0.006800815928727388
17540491.IV.SEI..HH,1,0.997242,0.002758026123046875
17543061.IV.BDI..HH,1,0.99772924,0.0022707581520080566
17543061.GU.GSCL..HH,1,0.9981743,0.0018256902694702148
17543061.IV.ZCCA..HH,0,0.0026253662,0.0026253662072122097
1754519.IV.BDI..HH,0,0.0041581765,0.004158176481723785
1754519.IV.CRMI..HH,0,0.0025703069,0.00257030688226223
1754519.IV.ERBM..EH,1,0.98954827,0.010451734066009521
1754519.IV.FNVD..HH,0,0.0012879646,0.0012879646383225918
1754639.IV.ERBM..EH,0,0.0058973497,0.005897349677979946
1754639.IV.PZZT..HH,1,0.99775803,0.002241969108581543
1755261.IV.ASQU..HH,1,0.9989816,0.0010184049606323242
1755261.IV.BRIS..HH,1,0.99582356,0.004176437854766846
1755261.IV.RUFI..EH,1,0.99805397,0.0019460320472717285
1755261.IV.SEI..HH,0,0.0039550466,0.003955046646296978
1755301.GU.MAIM..HH,1,0.99682957,0.0031704306602478027
1755301.IV.MTCR..EH,1,0.9987909,0.0012090802192687988
1755301.IV.ZCCA..HH,1,0.9984915,0.001508474349975586
1755351.IV.BDI..HH,0,0.0012464612,0.0012464611791074276
1755351.GU.CARD..HH,0,0.04399529,0.043995290994644165
1755351.GU.SARM..HH,0,0.002112453,0.002112453104928136
1755351.MN.VLC..HH,0,0.008208685,0.008208684623241425
1755351.IV.ZCCA..HH,1,0.99787724,0.0021227598190307617
1755621.IV.ERBM..EH,1,0.9967587,0.003241300582885742
1755889.MN.VLC..HH,0,0.009080977,0.00908097717911005
1757381.IV.CAVE..HH,1,0.99808234,0.0019176602363586426
17579161.IV.BDI..HH,1,0.9979108,0.002089202404022217
17579161.IV.CRMI..HH,1,0.9985573,0.0014426708221435547
17579161.IV.FNVD..HH,1,0.99824685,0.0017531514167785645
17579161.GU.GRAM..HH,1,0.99851394,0.001486063003540039
17579161.GU.GSCL..HH,1,0.9976601,0.0023398995399475098
17579161.GU.MAIM..HH,1,0.9964575,0.003542482852935791
17579161.IV.MOCL..EH,0,0.0031812028,0.0031812028028070927
17579161.IV.MPPT..EH,1,0.9985824,0.0014175772666931152
17579161.IV.MTCR..EH,1,0.9917922,0.00820779800415039
17579161.GU.POPM..HH,1,0.9975524,0.0024476051330566406
17579161.IV.PRMA..HH,1,0.9961052,0.003894805908203125
17579161.IV.RUFI..EH,1,0.99733764,0.002662360668182373
17579161.GU.SARM..EH,1,0.99672604,0.0032739639282226562
17579161.IV.ZCCA..HH,1,0.9966341,0.0033658742904663086
1758471.GU.GRAM..HH,1,0.99658716,0.0034128427505493164
17586561.GU.GRAM..HH,1,0.9974851,0.0025148987770080566
17586561.IV.MSSA..HH,1,0.99650156,0.0034984350204467773
17586561.GU.SARM..EH,0,0.0041412753,0.004141275305300951
1758811.IV.CAFI..HH,1,0.99540746,0.004592537879943848
1758811.IV.CSNT..HH,0,0.006801144,0.00680114421993494
17588721.IV.ARCI..HH,0,0.0026027248,0.002602724824100733
17588721.IV.CAFI..HH,1,0.9732761,0.026723921298980713
17588721.IV.CASP..HH,1,0.996794,0.003206014633178711
17588721.IV.CRMI..HH,1,0.99672365,0.003276348114013672
17588721.IV.CSNT..HH,1,0.99780226,0.002197742462158203
17588721.IV.FROS..HH,1,0.99846935,0.0015306472778320312
17588721.IV.MAON..HH,1,0.99699134,0.0030086636543273926
17588721.IV.MCIV..HH,0,0.002062836,0.0020628359634429216
17588721.IV.OSSC..HH,1,0.99893814,0.001061856746673584
17588721.IV.PII..HH,1,0.9881995,0.011800527572631836
17588721.GU.POPM..HH,0,0.036300108,0.03630010783672333
17588721.IV.RUFI..EH,1,0.9972071,0.0027928948402404785
17588721.IV.SACS..HH,0,0.7461934,0.7461934089660645
17593511.GU.EQUI..HH,0,0.004751958,0.004751957952976227
17593511.GU.GRAM..HH,1,0.9983143,0.0016856789588928223
17593511.GU.GSCL..HH,1,0.99743587,0.0025641322135925293
17593511.IV.MSSA..HH,0,0.006486789,0.006486788857728243
17593511.GU.SARM..EH,0,0.005898309,0.0058983089402318
17593511.MN.VLC..HH,0,0.011918542,0.011918541975319386
17593991.IV.OSSC..HH,0,0.0014621058,0.0014621057780459523
1759821.IV.CSNT..HH,1,0.99710846,0.00289154052734375
1759821.IV.FROS..HH,1,0.99759,0.002409994602203369
1759821.IV.TRIF..HH,1,0.997754,0.0022460222244262695
1759921.IV.BDI..HH,1,0.9968979,0.003102123737335205
1759921.MN.VLC..HH,1,0.9977067,0.0022932887077331543
1759939.MN.VLC..HH,1,0.99745816,0.002541840076446533
1762791.MN.VLC..HH,0,0.001990529,0.0019905290100723505
17661771.GU.GRAM..HH,1,0.9983087,0.001691281795501709
17670901.ST.DOSS..HH,1,0.9956099,0.004390120506286621
17670901.IV.FNVD..HH,0,0.0039348654,0.003934865351766348
17670901.IV.FSSB..HH,1,0.9965223,0.0034776926040649414
17670901.ST.GAGG..HH,1,0.99672115,0.0032788515090942383
17670901.GU.GRAM..HH,1,0.99668676,0.0033132433891296387
17670901.GU.GSCL..HH,1,0.9978916,0.0021083950996398926
17670901.SI.LUSI..HH,1,0.9979632,0.0020368099212646484
17670901.IV.MABI..HH,0,0.07525382,0.07525382190942764
17670901.IV.MAGA..HH,1,0.99678767,0.0032123327255249023
17670901.IV.MDI..HH,1,0.993548,0.006452023983001709
17670901.IV.MOCL..EH,1,0.9970804,0.002919614315032959
17670901.IV.MSSA..HH,0,0.0039011436,0.0039011435583233833
17670901.IV.MTCR..EH,0,0.0030638857,0.0030638857278972864
17670901.GU.PCP..HH,0,0.004714609,0.004714609123766422
17670901.IV.PLMA..HH,0,0.0030078413,0.003007841296494007
17670901.IV.PRMA..HH,0,0.0025362426,0.0025362425949424505
17670901.GU.RNCA..HH,0,0.007880323,0.007880322635173798
17670901.GU.SARM..EH,1,0.99567354,0.004326462745666504
17670901.GU.TRAV..HH,1,0.995841,0.004158973693847656
17670901.MN.VLC..HH,1,0.99617565,0.0038243532180786133
17670901.IV.ZCCA..HH,1,0.99502116,0.004978835582733154
17671101.OX.AGOR..HH,0,0.0012135076,0.001213507610373199
17671101.GU.BURY..HH,0,0.005010917,0.005010916851460934
17671101.GU.CANO..HH,0,0.0011120542,0.0011120542185381055
17671101.GU.CARD..HH,1,0.9973934,0.0026065707206726074
17671101.IV.CASP..HH,0,0.00093126326,0.0009312632610090077
17671101.IV.CAVE..HH,0,0.01733291,0.017332909628748894
17671101.IV.CELB..HH,0,0.004650318,0.0046503180637955666
17671101.IV.CRMI..HH,1,0.9887217,0.011278271675109863
17671101.IV.CSNT..HH,1,0.9964608,0.0035392045974731445
17671101.IV.CTI..HH,0,0.0014280059,0.0014280058676376939
17671101.ST.DOSS..HH,0,0.0010201072,0.0010201071854680777
17671101.GU.ENR..HH,0,0.0030206954,0.00302069541066885
17671101.GU.EQUI..HH,1,0.99551785,0.004482150077819824
17671101.IV.FNVD..HH,1,0.991671,0.00832897424697876
17671101.ST.GAGG..HH,1,0.9947122,0.005287826061248779
17671101.GU.GBOS..HH,0,0.001190156,0.001190155977383256
17671101.GU.GORR..HH,0,0.0032614835,0.003261483507230878
17671101.GU.GRAM..HH,0,0.00460772,0.004607719834893942
17671101.GU.GSCL..HH,1,0.9983734,0.0016266107559204102
17671101.IV.IMI..HH,0,0.0012625278,0.0012625277740880847
17671101.IV.MAGA..HH,0,0.0029123847,0.0029123846907168627
17671101.IV.MAON..HH,0,0.0017379359,0.001737935934215784
17671101.IV.MDI..HH,1,0.99779207,0.002207934856414795
17671101.IV.MGAB..HH,1,0.9952151,0.004784882068634033
17671101.IV.MOCL..EH,0,0.010997912,0.010997911915183067
17671101.IV.MPPT..EH,1,0.9963538,0.0036461949348449707
17671101.IV.MSSA..HH,0,0.0021658156,0.0021658155601471663
17671101.IV.MTCR..EH,1,0.99636185,0.003638148307800293
17671101.IV.NDIM..HH,0,0.13145846,0.13145846128463745
17671101.IV.OPPE..HH,0,0.0029311727,0.002931172726675868
17671101.IV.OSSC..HH,1,0.9959063,0.0040937066078186035
17671101.GU.PCP..HH,0,0.0013060792,0.0013060792116448283
17671101.IV.PLMA..HH,0,0.0012300056,0.0012300056405365467
17671101.GU.POPM..HH,1,0.994542,0.0054579973220825195
17671101.IV.PRMA..HH,0,0.0019644594,0.001964459428563714
17671101.IV.QLNO..HH,0,0.0008716235,0.0008716235170140862
17671101.IV.RAVA..EH,0,0.04922782,0.049227818846702576
17671101.GU.RNCA..HH,0,0.0014546848,0.0014546847669407725
17671101.GU.RORO..HH,1,0.9961393,0.0038607120513916016
17671101.IV.SALO..HH,0,0.0065965736,0.006596573628485203
17671101.GU.SARM..EH,1,0.9975707,0.0024293065071105957
17671101.IV.SERM..EH,0,0.008971503,0.008971503004431725
17671101.GU.STV..HH,0,0.0016117272,0.0016117271734401584
17671101.GU.TRAV..HH,1,0.99777824,0.0022217631340026855
17671101.MN.VLC..HH,1,0.99818456,0.0018154382705688477
17671101.IV.ZCCA..HH,1,0.99331224,0.006687760353088379
17671251.GU.GRAM..HH,1,0.99802434,0.0019756555557250977
17671931.GU.GORR..HH,0,0.0048042326,0.004804232623428106
17671931.GU.GRAM..HH,1,0.99634516,0.0036548376083374023
17671951.GU.GRAM..HH,1,0.99810326,0.0018967390060424805
17671951.IV.MSSA..HH,0,0.0030759797,0.0030759796500205994
17671951.IV.PRMA..HH,0,0.023019435,0.02301943488419056
17672271.GU.GORR..HH,0,0.00321405,0.0032140500843524933
17672271.GU.GRAM..HH,1,0.9964839,0.003516077995300293
17672271.IV.MSSA..HH,0,0.0043508136,0.0043508135713636875
17672271.IV.PRMA..HH,0,0.015674576,0.01567457616329193
17672401.GU.GORR..HH,0,0.004977516,0.004977515898644924
17672401.GU.GRAM..HH,1,0.99869627,0.0013037323951721191
17672401.IV.PRMA..HH,0,0.034916,0.034915998578071594
17672861.GU.GRAM..HH,1,0.9961987,0.003801286220550537
1767311.IV.MTCR..EH,1,0.99502265,0.0049773454666137695
17674251.GU.GORR..HH,0,0.007332911,0.007332910783588886
17674251.GU.GRAM..HH,1,0.9966176,0.003382384777069092
17674541.GU.GORR..HH,0,0.010292881,0.010292881168425083
17674541.GU.GRAM..HH,1,0.9967944,0.003205597400665283
17674541.IV.MDI..HH,0,0.0019998727,0.001999872736632824
17674791.GU.GORR..HH,0,0.018376011,0.01837601140141487
17674791.GU.GRAM..HH,1,0.99791217,0.002087831497192383
17674791.GU.SARM..EH,0,0.005378246,0.00537824584171176
17675081.GU.GORR..HH,0,0.04222906,0.0422290600836277
17675081.GU.GRAM..HH,1,0.9983915,0.0016084909439086914
17675081.IV.MSSA..HH,0,0.0088489065,0.008848906494677067
17675081.IV.PRMA..HH,0,0.008202665,0.00820266455411911
17675141.GU.EQUI..HH,1,0.99502903,0.004970967769622803
17675141.GU.GORR..HH,0,0.0047877957,0.004787795711308718
17675141.GU.GRAM..HH,1,0.99703085,0.0029691457748413086
17675141.IV.MSSA..HH,0,0.001940581,0.0019405810162425041
17675141.IV.PLMA..HH,1,0.993626,0.006374001502990723
17675421.IV.MSSA..HH,0,0.0020636565,0.002063656458631158
17676551.GU.GRAM..HH,0,0.9854594,0.9854593873023987
17676551.IV.MSSA..HH,0,0.002660724,0.00266072410158813
17676551.IV.PRMA..HH,0,0.02792805,0.027928050607442856
1767661.IV.BDI..HH,0,0.017600514,0.017600513994693756
1767661.GU.POPM..HH,0,0.013769472,0.013769472017884254
1767661.IV.SEI..HH,0,0.0056368895,0.005636889487504959
17679201.IV.BOB..HH,1,0.9829518,0.017048180103302002
17679201.GU.GRAM..HH,1,0.9943113,0.005688726902008057
17679201.IV.PRMA..HH,0,0.005353918,0.005353917833417654
17687341.IV.MSSA..HH,0,0.0035823598,0.0035823597572743893
17687791.GU.EQUI..HH,1,0.99680513,0.003194868564605713
17691181.GU.GRAM..HH,1,0.9976705,0.002329528331756592
1769131.IV.BDI..HH,1,0.99461085,0.005389153957366943
1769131.IV.MTCR..EH,1,0.8911018,0.10889822244644165
1769131.GU.POPM..HH,1,0.99762464,0.002375364303588867
1769131.MN.VLC..HH,1,0.99290586,0.007094144821166992
1771511.IV.FNVD..HH,1,0.9981577,0.0018423199653625488
1771841.IV.FNVD..HH,1,0.998406,0.0015940070152282715
1773171.GU.MAIM..HH,1,0.99712455,0.0028754472732543945
17737051.GU.GORR..HH,0,0.009585561,0.009585561230778694
17737141.GU.GORR..HH,0,0.012478008,0.012478007934987545
17737141.GU.GSCL..HH,1,0.86032367,0.13967633247375488
17737141.GU.MAIM..HH,1,0.92460245,0.0753975510597229
17737141.IV.MDI..HH,1,0.043045767,0.9569542333483696
1773871.IV.ASQU..HH,1,0.99805826,0.0019417405128479004
1773871.IV.CAFI..HH,1,0.9776806,0.022319376468658447
1773871.IV.CRMI..HH,1,0.9973208,0.0026792287826538086
1773871.IV.FROS..HH,1,0.9934847,0.006515324115753174
1773871.IV.IMOL..EH,1,0.997501,0.0024989843368530273
1773871.IV.MTCR..EH,1,0.9985045,0.0014954805374145508
1773871.IV.MTRZ..HH,1,0.9986626,0.0013374090194702148
1773871.IV.PARC..HH,1,0.988523,0.011476993560791016
1773871.IV.SEI..HH,1,0.99799836,0.002001643180847168
1773871.IV.SSP9..EH,1,0.991909,0.008090972900390625
1773871.IV.ZCCA..HH,1,0.9964782,0.0035218000411987305
17751421.IV.CTI..HH,1,0.029604727,0.9703952725976706
17751421.ST.DOSS..HH,1,0.993127,0.006873011589050293
17751421.IV.PII..HH,1,0.89681244,0.10318756103515625
17751421.IV.ROVR..HH,1,0.028994408,0.971005592495203
17751421.GU.SARM..EH,1,0.9974044,0.0025956034660339355
17751421.IV.ZCCA..HH,1,0.111127906,0.8888720944523811
17757301.IV.LMD..HH,0,0.0014331589,0.0014331588754430413
17757301.IV.MTRZ..HH,1,0.99433917,0.005660831928253174
17757301.IV.SEI..HH,0,0.0057865856,0.005786585621535778
1777691.IV.ASQU..HH,1,0.9982234,0.001776576042175293
1777691.IV.MTCR..EH,1,0.9960632,0.003936827182769775
1777691.IV.RUFI..EH,1,0.99783665,0.0021633505821228027
1777691.IV.SEI..HH,1,0.9982934,0.0017066001892089844
17787671.GU.GRAM..HH,1,0.9965811,0.0034189224243164062
17819251.IV.BDI..HH,0,0.0855288,0.08552879840135574
17819251.GU.MAIM..HH,1,0.31599542,0.6840045750141144
17819251.IV.MPPT..EH,0,0.0026663532,0.0026663532480597496
17819251.IV.MTCR..EH,0,0.02111774,0.021117739379405975
17819251.GU.POPM..HH,1,0.9966843,0.0033156871795654297
1785541.IV.ASQU..HH,1,0.99811876,0.001881241798400879
1785541.IV.RUFI..EH,1,0.99860096,0.0013990402221679688
1785541.IV.SEI..HH,1,0.9989265,0.0010734796524047852
17865431.GU.POPM..HH,0,0.006600831,0.0066008311696350574
17867591.GU.GSCL..HH,1,0.9979952,0.0020048022270202637
1786981.GU.CARD..HH,1,0.99819225,0.0018077492713928223
1786981.IV.MTCR..EH,0,0.0019662986,0.001966298557817936
1786981.GU.SARM..HH,0,0.0013658596,0.0013658596435561776
1786981.MN.VLC..HH,0,0.003037437,0.0030374370981007814
17871571.IV.CSNT..HH,1,0.99799937,0.0020006299018859863
17871571.IV.FROS..HH,1,0.9959147,0.0040853023529052734
17871571.IV.MPPT..EH,0,0.077249765,0.07724976539611816
17871571.IV.OSSC..HH,1,0.99833226,0.0016677379608154297
1789449.IV.ERBM..EH,1,0.9980009,0.001999080181121826
1789489.IV.ERBM..EH,1,0.9979467,0.0020533204078674316
1789509.IV.ERBM..EH,1,0.99723506,0.0027649402618408203
1790629.IV.ERBM..EH,1,0.99790776,0.0020922422409057617
1790709.IV.ERBM..EH,1,0.9979876,0.0020123720169067383
17915871.GU.GSCL..HH,1,0.9976203,0.0023797154426574707
17915871.IV.ZCCA..HH,1,0.9984693,0.0015307068824768066
1792369.IV.BDI..HH,1,0.99788123,0.0021187663078308105
1792369.IV.FNVD..HH,1,0.99885845,0.0011415481567382812
1792999.IV.ERBM..EH,1,0.99701226,0.0029877424240112305
1792999.MN.VLC..HH,1,0.99780065,0.0021993517875671387
1793039.IV.BDI..HH,0,0.002708804,0.0027088040951639414
1793039.IV.CASP..HH,0,0.0015257747,0.001525774714536965
1793039.IV.ERBM..EH,1,0.9977729,0.0022271275520324707
1793039.MN.VLC..HH,1,0.9976689,0.002331078052520752
1793501.GU.GORR..HH,1,0.99356645,0.006433546543121338
1793501.GU.GRAM..HH,0,0.004702662,0.004702662117779255
17945501.IV.CSNT..HH,1,0.99562114,0.004378855228424072
17945501.IV.FROS..HH,0,0.056589067,0.05658906698226929
17945501.IV.OSSC..HH,1,0.9989702,0.0010297894477844238
1794819.MN.VLC..HH,1,0.99742293,0.002577066421508789
1795229.IV.BDI..HH,1,0.995805,0.004194974899291992
1795229.IV.CRMI..HH,1,0.9980295,0.001970529556274414
1795229.IV.FNVD..HH,1,0.9985172,0.0014827847480773926
1795799.IV.CASP..HH,0,0.0026126923,0.002612692303955555
1797139.IV.BDI..HH,1,0.98794097,0.012059032917022705
1797139.IV.CRMI..HH,1,0.9977034,0.002296626567840576
1797139.IV.PZZT..HH,1,0.9983913,0.001608729362487793
1797709.IV.CASP..HH,1,0.99869716,0.0013028383255004883
17982401.IV.LMD..HH,0,0.32439584,0.3243958353996277
17982401.IV.MTRZ..HH,1,0.9987048,0.0012952089309692383
17982401.IV.SEI..HH,0,0.0078915665,0.00789156649261713
1798681.IV.ASQU..HH,1,0.996793,0.0032070279121398926
1798681.IV.CSNT..HH,1,0.99802244,0.00197756290435791
1798681.IV.MTCR..EH,0,0.0016279598,0.0016279597766697407
18003021.GU.GSCL..HH,0,0.0027598878,0.0027598878368735313
18003021.GU.SARM..EH,1,0.9965909,0.003409087657928467
1801389.IV.FNVD..HH,0,0.003366656,0.0033666559029370546
1801409.IV.MTRZ..HH,1,0.99495536,0.0050446391105651855
18014181.GU.GRAM..HH,1,0.9967909,0.0032091140747070312
18014521.GU.GRAM..HH,1,0.99671596,0.0032840371131896973
1801519.IV.CRMI..HH,1,0.99749565,0.0025043487548828125
1801519.IV.FNVD..HH,0,0.026591048,0.026591047644615173
1801539.IV.MTRZ..HH,1,0.99798065,0.002019345760345459
1801569.IV.MTRZ..HH,1,0.99694014,0.003059864044189453
1801589.IV.MTRZ..HH,1,0.9980325,0.001967489719390869
1801629.IV.FNVD..HH,1,0.9942513,0.0057486891746521
1801671.IV.ASQU..HH,1,0.99844813,0.0015518665313720703
1801671.IV.BRIS..HH,0,0.002621133,0.0026211331132799387
1801671.IV.RUFI..EH,1,0.9983401,0.0016599297523498535
1801671.IV.SEI..HH,1,0.99742883,0.0025711655616760254
1801671.IV.SFI..EH,1,0.99808484,0.0019151568412780762
1801699.IV.FNVD..HH,0,0.0023214556,0.002321455627679825
1801699.IV.MTRZ..HH,1,0.99649155,0.003508448600769043
1801759.IV.MTRZ..HH,1,0.98765177,0.0123482346534729
18018261.GU.GRAM..HH,0,0.003526886,0.0035268859937787056
18018261.GU.RNCA..HH,1,0.99800456,0.0019954442977905273
1801869.IV.FNVD..HH,0,0.13106044,0.1310604363679886
1801889.IV.MTRZ..HH,1,0.99794286,0.0020571351051330566
1801889.IV.SALO..HH,1,0.99409664,0.005903363227844238
1801909.IV.BDI..HH,1,0.9972489,0.0027511119842529297
1801949.IV.FNVD..HH,1,0.99316394,0.006836056709289551
1801979.IV.BDI..HH,1,0.9977008,0.002299189567565918
1801979.IV.FNVD..HH,0,0.004152849,0.0041528488509356976
1801979.IV.SFI..EH,1,0.99702764,0.0029723644256591797
1801989.IV.FNVD..HH,1,0.9981837,0.0018162727355957031
1801989.IV.MTRZ..HH,1,0.99689883,0.003101170063018799
1802029.IV.FNVD..HH,0,0.005812708,0.00581270782276988
1802089.IV.BDI..HH,1,0.99796355,0.002036452293395996
1802089.IV.FAEN..HH,1,0.8553865,0.14461350440979004
1802129.IV.FNVD..HH,0,0.022097562,0.02209756150841713
1802209.IV.BDI..HH,1,0.99799114,0.0020088553428649902
1802209.IV.MTRZ..HH,1,0.99654585,0.003454148769378662
1802239.IV.ERBM..EH,1,0.9980305,0.0019695162773132324
1802239.IV.FNVD..HH,0,0.0024660528,0.002466052770614624
1802239.IV.MTRZ..HH,1,0.9982001,0.0017998814582824707
1802259.IV.FNVD..HH,1,0.9980407,0.0019593238830566406
1802259.IV.MTRZ..HH,1,0.9972351,0.002764880657196045
18022911.IV.CSNT..HH,1,0.9984956,0.0015044212341308594
18022911.IV.FROS..HH,1,0.9953797,0.00462031364440918
18022911.IV.OSSC..HH,1,0.9984214,0.0015786290168762207
1802319.IV.BDI..HH,1,0.9976804,0.0023195743560791016
1802319.IV.MTRZ..HH,1,0.9944498,0.005550205707550049
1802349.IV.ASQU..HH,0,0.0015267448,0.0015267448034137487
1802349.IV.BADI..EH,1,0.997397,0.002602994441986084
1802349.IV.MTRZ..HH,1,0.99825054,0.0017494559288024902
1802349.IV.SFI..EH,0,0.0012641649,0.0012641649227589369
1802369.IV.BDI..HH,1,0.9971553,0.002844691276550293
1802459.IV.MTRZ..HH,1,0.9963627,0.0036373138427734375
1802489.IV.MTRZ..HH,1,0.99713546,0.002864539623260498
1802499.IV.FNVD..HH,1,0.9955696,0.004430413246154785
1802549.IV.FNVD..HH,0,0.033222105,0.03322210535407066
1802809.IV.PZZT..HH,0,0.003202307,0.0032023070380091667
1802879.IV.FNVD..HH,0,0.0033625974,0.003362597431987524
1802879.IV.PZZT..HH,1,0.99770206,0.0022979378700256348
1802889.IV.FNVD..HH,0,0.0029694256,0.0029694256372749805
1802889.IV.PZZT..HH,1,0.9951561,0.00484389066696167
1802939.IV.CRMI..HH,1,0.99641997,0.003580033779144287
1802939.IV.FNVD..HH,0,0.0031284173,0.0031284173019230366
1802939.IV.PZZT..HH,1,0.99791795,0.00208204984664917
1802969.IV.FNVD..HH,0,0.0033836963,0.003383696312084794
1802969.IV.PZZT..HH,1,0.9956272,0.004372775554656982
1802979.IV.FNVD..HH,0,0.0034218503,0.0034218502696603537
1802979.IV.PZZT..HH,1,0.9974363,0.0025637149810791016
1803009.IV.PZZT..HH,1,0.99860466,0.0013953447341918945
1803019.IV.CRMI..HH,1,0.9949546,0.005045413970947266
1803049.IV.PZZT..HH,1,0.99739313,0.0026068687438964844
1803089.IV.FNVD..HH,1,0.9924878,0.007512211799621582
1803089.IV.PZZT..HH,1,0.9987691,0.0012308955192565918
1803129.IV.FNVD..HH,0,0.0063791415,0.0063791414722800255
1803129.IV.PZZT..HH,1,0.99800175,0.0019982457160949707
1803169.IV.FNVD..HH,1,0.9975311,0.002468883991241455
1803169.IV.PZZT..HH,1,0.9959026,0.004097402095794678
1803189.IV.PZZT..HH,0,0.0056836614,0.005683661438524723
1803229.IV.CRMI..HH,1,0.9935459,0.006454110145568848
1803229.IV.FNVD..HH,0,0.0043658693,0.004365869332104921
1803629.IV.FNVD..HH,0,0.0026681838,0.0026681837625801563
1804511.IV.BDI..HH,1,0.99617594,0.0038240551948547363
1804511.GU.CARD..HH,1,0.9970005,0.0029994845390319824
1804511.IV.ERBM..EH,0,0.0039956244,0.003995624370872974
1804511.MN.VLC..HH,1,0.99664474,0.003355264663696289
18045231.IV.SEI..HH,1,0.99687195,0.0031280517578125
1804629.IV.NOVE..EH,1,0.99860376,0.0013962388038635254
1805119.IV.FNVD..HH,0,0.0024783479,0.002478347858414054
1805229.IV.PZZT..HH,1,0.99747366,0.0025263428688049316
1805259.IV.PZZT..HH,1,0.99873275,0.00126725435256958
1805319.IV.FNVD..HH,0,0.002800891,0.0028008909430354834
1805319.IV.PZZT..HH,1,0.9982024,0.0017976164817810059
1805349.IV.PZZT..HH,1,0.997914,0.0020859837532043457
1805529.IV.PZZT..HH,1,0.99730545,0.002694547176361084
1806599.IV.MTRZ..HH,1,0.9986699,0.0013300776481628418
1807139.IV.ASQU..HH,1,0.99831337,0.0016866326332092285
1807339.IV.ASQU..HH,1,0.9985406,0.0014594197273254395
1807419.IV.ASQU..HH,1,0.99856246,0.001437544822692871
1807419.IV.SFI..EH,1,0.9981907,0.0018092989921569824
1807421.IV.RAVA..EH,1,0.9970446,0.0029553771018981934
1807439.IV.ASQU..HH,1,0.99831164,0.0016883611679077148
1807459.IV.ASQU..HH,1,0.9971842,0.0028157830238342285
1807569.IV.BDI..HH,1,0.9981598,0.0018401741981506348
1807569.IV.CRMI..HH,1,0.9978637,0.0021362900733947754
1807569.IV.FNVD..HH,0,0.0026287495,0.002628749469295144
1807569.IV.MTRZ..HH,1,0.99780506,0.0021949410438537598
1807569.IV.ZCCA..HH,1,0.9980359,0.001964092254638672
1807619.IV.ARCI..HH,0,0.0010163008,0.0010163007536903024
1807619.IV.BDI..HH,0,0.014862945,0.014862945303320885
1807619.IV.CAFI..HH,0,0.0032157064,0.003215706441551447
1807619.IV.CASP..HH,0,0.0025028859,0.0025028858799487352
1807619.IV.CMPO..HH,0,0.0024625598,0.0024625598452985287
1807619.IV.DOI..HH,0,0.0051041124,0.005104112438857555
1807619.IV.MAON..HH,0,0.0016442961,0.0016442961059510708
1807619.IV.MDI..HH,0,0.0033262088,0.003326208796352148
1807619.IV.NOVE..EH,0,0.0039099175,0.003909917548298836
1807619.IV.SACS..HH,0,0.0020982528,0.0020982527639716864
1807619.MN.TUE..HH,0,0.0018895468,0.0018895467510446906
1807869.IV.ERBM..EH,1,0.99770796,0.002292037010192871
1808209.IV.ERBM..EH,1,0.99769396,0.002306044101715088
1808989.IV.BOB..HH,1,0.997199,0.0028010010719299316
1808989.IV.CMPO..HH,1,0.99849355,0.0015064477920532227
1808989.IV.FNVD..HH,1,0.9905148,0.009485185146331787
1808989.IV.SALO..HH,1,0.99743116,0.002568840980529785
1809519.IV.ZCCA..HH,1,0.9982227,0.0017772912979125977
1810859.IV.ARCI..HH,1,0.9942736,0.0057263970375061035
1810859.IV.CSNT..HH,1,0.99764615,0.002353847026824951
1811329.IV.CRMI..HH,1,0.99785805,0.0021419525146484375
1811329.IV.FNVD..HH,1,0.0038489995,0.9961510004941374
1811329.IV.MTRZ..HH,0,0.9976839,0.9976838827133179
1811329.IV.PZZT..HH,1,0.9981494,0.0018506050109863281
18131571.IV.ROVR..HH,1,0.90536255,0.09463745355606079
1814189.IV.FNVD..HH,0,0.014396639,0.014396638609468937
1814219.IV.SFI..EH,1,0.9971472,0.002852797508239746
18155041.GU.CARD..HH,1,0.9964672,0.0035328269004821777
18155041.GU.EQUI..HH,0,0.0021037513,0.002103751292452216
18155041.MN.VLC..HH,0,0.0029784078,0.0029784077778458595
18161341.IV.SEI..HH,0,0.012704933,0.012704933062195778
1818559.IV.BDI..HH,1,0.9945353,0.005464673042297363
1818559.IV.CRMI..HH,1,0.99464226,0.0053577423095703125
1818559.MN.VLC..HH,0,0.0067731407,0.006773140747100115
1819751.IV.ARCI..HH,1,0.99762255,0.002377450466156006
1820729.IV.CSNT..HH,1,0.9903889,0.009611129760742188
1820729.IV.SFI..EH,1,0.99738973,0.0026102662086486816
1822359.IV.NOVE..EH,1,0.9952156,0.00478440523147583
1823409.IV.RAVA..EH,0,0.0022421638,0.0022421637549996376
1825569.IV.BDI..HH,0,0.004427575,0.0044275750406086445
1825569.IV.ERBM..EH,0,0.0031800736,0.0031800735741853714
1825569.MN.VLC..HH,0,0.0030631663,0.003063166281208396
18260641.IV.OSSC..HH,0,0.003198016,0.003198015969246626
1826359.IV.ERBM..EH,1,0.99695194,0.0030480623245239258
18267201.IV.BDI..HH,1,0.9983184,0.0016816258430480957
18267201.GU.GSCL..HH,1,0.99612856,0.003871440887451172
18267201.IV.MPPT..EH,1,0.98354006,0.016459941864013672
18267201.IV.MTCR..EH,1,0.9959668,0.004033207893371582
18267201.GU.POPM..HH,1,0.99774915,0.002250850200653076
18267201.GU.SARM..EH,1,0.98827094,0.011729061603546143
18267201.MN.VLC..HH,1,0.9959098,0.0040901899337768555
1828521.IV.MTRZ..HH,0,0.0068283156,0.006828315556049347
18300711.IV.BDI..HH,0,0.0024281887,0.0024281886871904135
18300711.ST.CARE..EH,0,0.0033728743,0.003372874343767762
18300711.IV.CAVE..HH,1,0.3671383,0.6328617036342621
18300711.IV.CTI..HH,1,0.99710596,0.0028940439224243164
18300711.GU.EQUI..HH,0,0.001485602,0.0014856019988656044
18300711.IV.FNVD..HH,1,0.991129,0.008871018886566162
18300711.ST.GAGG..HH,0,0.0022145768,0.002214576816186309
18300711.GU.GRAM..HH,1,0.99790347,0.00209653377532959
18300711.GU.GSCL..HH,1,0.9984146,0.0015854239463806152
18300711.IV.IMI..HH,0,0.039644897,0.03964489698410034
18300711.IV.MABI..HH,1,0.984271,0.015729010105133057
18300711.IV.MBAL..EH,0,0.0061303913,0.006130391266196966
18300711.IV.MDI..HH,0,0.0017171972,0.0017171972431242466
18300711.IV.MGAB..HH,1,0.9969687,0.003031313419342041
18300711.IV.MSSA..HH,1,0.9861577,0.013842284679412842
18300711.IV.MTCR..EH,0,0.012736522,0.012736521661281586
18300711.IV.PII..HH,0,0.24155284,0.24155284464359283
18300711.GU.POPM..HH,1,0.99431235,0.0056876540184021
18300711.ST.RONC..EH,0,0.0029700878,0.002970087807625532
18300711.IV.RUFI..EH,1,0.99642766,0.0035723447799682617
18300711.IV.SACS..HH,1,0.98048973,0.019510269165039062
18300711.IV.SALO..HH,0,0.0036853221,0.0036853221245110035
18300711.GU.SARM..EH,0,0.0059438637,0.005943863652646542
18300711.IV.SEI..HH,0,0.006230964,0.006230963859707117
18300711.MN.TUE..HH,1,0.005469417,0.9945305828005075
18300711.ST.VARA..EH,0,0.004925756,0.00492575578391552
18300711.IV.ZCCA..HH,1,0.99797136,0.00202864408493042
18300711.IV.ZONE..HH,1,0.9896459,0.010354101657867432
1830269.IV.CRMI..HH,0,0.0027007381,0.0027007381431758404
1830269.IV.FNVD..HH,1,0.99652725,0.003472745418548584
1830269.IV.ZCCA..HH,1,0.9974064,0.0025935769081115723
1831401.IV.CSNT..HH,1,0.9979711,0.0020288825035095215
1831401.IV.FROS..HH,1,0.99802285,0.0019771456718444824
1831401.IV.MCIV..HH,1,0.99594307,0.0040569305419921875
1831591.IV.RAVA..EH,0,0.0021362235,0.0021362234838306904
18322501.GU.GRAM..HH,1,0.99634445,0.003655552864074707
18322501.IV.MSSA..HH,0,0.00085912365,0.0008591236546635628
18322501.MN.VLC..HH,1,0.98633224,0.013667762279510498
1832869.IV.ZCCA..HH,0,0.0031767287,0.00317672872915864
18334131.GU.GRAM..HH,0,0.008857982,0.008857982233166695
18334771.IV.CSNT..HH,1,0.99667203,0.00332796573638916
18334771.IV.RUFI..EH,1,0.9979616,0.002038419246673584
1833509.IV.ZCCA..HH,0,0.004013925,0.0040139248594641685
1835029.IV.CRMI..HH,0,0.0018478086,0.0018478085985407233
1835889.IV.MTRZ..HH,0,0.1339924,0.13399240374565125
1835959.IV.MTRZ..HH,0,0.02517796,0.025177959352731705
1836419.IV.RAVA..EH,0,0.117310405,0.11731040477752686
1836659.IV.RAVA..EH,0,0.03638115,0.03638115152716637
18375131.IV.CSNT..HH,1,0.9976025,0.002397477626800537
18375131.IV.FROS..HH,1,0.9967366,0.003263413906097412
18375131.IV.OSSC..HH,1,0.9973948,0.0026051998138427734
1837559.IV.FNVD..HH,1,0.99729794,0.002702057361602783
1837559.IV.PZZT..HH,0,0.0021939895,0.0021939894650131464
1837559.IV.ZCCA..HH,0,0.0017166302,0.0017166301840916276
1838169.IV.BDI..HH,1,0.99840784,0.0015921592712402344
1838169.MN.VLC..HH,1,0.9970272,0.0029727816581726074
1839739.IV.BDI..HH,1,0.99601936,0.0039806365966796875
1839739.IV.ERBM..EH,1,0.997585,0.002415001392364502
1839739.IV.ZCCA..HH,1,0.9973771,0.0026229023933410645
1840069.IV.CRMI..HH,1,0.99538374,0.004616260528564453
18420351.IV.FROS..HH,1,0.9981848,0.001815199851989746
1842721.IV.MTCR..EH,0,0.0048039746,0.004803974647074938
1842789.IV.PZZT..HH,1,0.9944641,0.005535900592803955
1842789.IV.SFI..EH,1,0.9985035,0.0014964938163757324
1843669.IV.MDI..HH,1,0.99555016,0.0044498443603515625
1843669.IV.NOVE..EH,0,0.0063141854,0.006314185447990894
1843669.IV.RAVA..EH,0,0.0017996543,0.0017996543319895864
18437881.IV.ATPI..EH,0,0.00840941,0.008409409783780575
18437881.IV.ATVO..HH,1,0.9922927,0.0077072978019714355
18437881.IV.CSNT..HH,0,0.0030155443,0.0030155442655086517
18437881.IV.FROS..HH,1,0.9982272,0.0017728209495544434
18437881.IV.MCIV..HH,1,0.96259695,0.03740304708480835
18437881.IV.MURB..HH,1,0.992296,0.007704019546508789
18437881.IV.OSSC..HH,0,0.016621936,0.016621936112642288
18437881.IV.RIBO..EH,1,0.060684,0.9393160007894039
18437881.IV.SEI..HH,1,0.88159996,0.11840003728866577
1844809.IV.ZCCA..HH,1,0.99770266,0.002297341823577881
1844819.IV.ZCCA..HH,1,0.9975351,0.002464890480041504
1844829.IV.ZCCA..HH,1,0.99708027,0.0029197335243225098
1844909.IV.ERBM..EH,1,0.99650663,0.003493368625640869
1848711.IV.CAVE..HH,0,0.0020038662,0.002003866247832775
1848711.IV.RAVA..EH,0,0.0016157959,0.0016157958889380097
1848861.IV.CAVE..HH,0,0.0016371642,0.0016371641540899873
1848861.IV.RAVA..EH,0,0.0016197931,0.0016197931254282594
1850051.GU.MAIM..HH,1,0.99765897,0.002341032028198242
1850051.GU.SARM..HH,1,0.9985842,0.0014157891273498535
1850051.MN.VLC..HH,1,0.9975662,0.00243377685546875
1850339.IV.MTRZ..HH,1,0.99841297,0.0015870332717895508
1850909.IV.CASP..HH,1,0.9980842,0.0019158124923706055
1850909.IV.CSNT..HH,1,0.99812436,0.0018756389617919922
18509381.IV.BDI..HH,1,0.998525,0.0014749765396118164
18509381.IV.CRMI..HH,1,0.9974987,0.0025013089179992676
18509381.IV.FNVD..HH,1,0.99795794,0.002042055130004883
18509381.GU.MAIM..HH,1,0.9988851,0.0011149048805236816
18509381.IV.MPPT..EH,1,0.9978638,0.0021361708641052246
18509381.IV.MTCR..EH,1,0.9968385,0.003161489963531494
18509381.IV.PII..HH,1,0.9975627,0.002437293529510498
18509381.IV.SEI..HH,1,0.9893522,0.010647773742675781
18509381.IV.ZCCA..HH,1,0.9981726,0.0018274188041687012
1851591.IV.BDI..HH,1,0.99711126,0.0028887391090393066
1851591.GU.CARD..HH,1,0.99399465,0.006005346775054932
1851591.GU.MAIM..HH,0,0.14425144,0.14425143599510193
1851591.GU.POPM..HH,1,0.7695288,0.2304711937904358
1851591.GU.SARM..HH,1,0.99709815,0.0029018521308898926
1851591.MN.VLC..HH,1,0.9968939,0.0031061172485351562
1851809.IV.BDI..HH,0,0.003019297,0.003019297029823065
1851809.IV.FNVD..HH,1,0.99873894,0.0012610554695129395
1851809.IV.PZZT..HH,0,0.013725431,0.013725430704653263
1851809.IV.ZCCA..HH,1,0.9979998,0.0020002126693725586
18548811.IV.APEC..HH,0,0.13566682,0.13566681742668152
18548811.IV.ARCI..HH,1,0.9978326,0.0021674036979675293
18548811.IV.ARVD..HH,0,0.048261713,0.04826171323657036
18548811.IV.ATCC..EH,0,0.03463014,0.03463013842701912
18548811.IV.ATLO..EH,1,0.99370396,0.006296038627624512
18548811.IV.ATPI..EH,1,0.9474916,0.052508413791656494
18548811.IV.ATVA..EH,1,0.99303937,0.006960630416870117
18548811.IV.CAFI..HH,1,0.9970585,0.0029414892196655273
18548811.IV.CASP..HH,1,0.9833591,0.016640901565551758
18548811.IV.CELB..HH,0,0.0055818832,0.005581883247941732
18548811.IV.CPGN..EH,0,0.009502623,0.009502623230218887
18548811.IV.CRE..HH,1,0.98467505,0.015324950218200684
18548811.IV.FROS..HH,1,0.9938541,0.006145894527435303
18548811.IV.LATE..HH,1,0.99535817,0.004641830921173096
18548811.IV.LMD..HH,1,0.99282175,0.007178246974945068
18548811.GU.MAIM..HH,0,0.005707758,0.005707758013159037
18548811.IV.MAON..HH,0,0.007655297,0.007655296940356493
18548811.IV.MCIV..HH,1,0.99322695,0.006773054599761963
18548811.IV.MGAB..HH,0,0.025319165,0.025319164618849754
18548811.IV.OSSC..HH,1,0.9978241,0.00217592716217041
18548811.IV.PARC..HH,1,0.9618898,0.038110196590423584
18548811.IV.PIEI..HH,1,0.9735553,0.026444673538208008
18548811.IV.RIBO..EH,0,0.8673148,0.8673148155212402
18548811.IV.RUFI..EH,0,0.0019923048,0.0019923048093914986
18548811.IV.SACS..HH,1,0.9679828,0.03201717138290405
18548811.IV.SNTG..HH,1,0.98962307,0.010376930236816406
18548811.IV.SSP9..EH,0,0.0034354695,0.003435469465330243
18548811.IV.TOLF..HH,0,0.0048159463,0.0048159463331103325
18548991.IV.ARCI..HH,1,0.99689007,0.0031099319458007812
18548991.IV.MCIV..HH,1,0.9876249,0.012375116348266602
18549361.IV.CAFI..HH,1,0.9941115,0.005888521671295166
18549361.IV.CRE..HH,1,0.99741,0.002590000629425049
18549361.IV.MCIV..HH,1,0.99762523,0.0023747682571411133
18549361.IV.RIBO..EH,1,0.13046244,0.8695375621318817
18549361.IV.SSP9..EH,0,0.015769722,0.015769721940159798
1855009.IV.PZZT..HH,0,0.0013121014,0.0013121013762429357
18555411.IV.ARCI..HH,1,0.9969381,0.0030618906021118164
18555411.IV.CAFI..HH,1,0.99759275,0.002407252788543701
18555411.IV.CSNT..HH,1,0.9953491,0.004650890827178955
18555411.IV.FROS..HH,1,0.9845268,0.01547318696975708
18555411.IV.MCIV..HH,1,0.9928455,0.007154524326324463
18556071.IV.ARCI..HH,1,0.9900099,0.009990096092224121
18556071.IV.MCIV..HH,1,0.993486,0.006514012813568115
18557751.IV.ARCI..HH,1,0.98929876,0.010701239109039307
1856379.IV.BDI..HH,1,0.9985699,0.0014300942420959473
1856379.IV.ERBM..EH,1,0.99823236,0.0017676353454589844
1856379.IV.FNVD..HH,1,0.99595237,0.0040476322174072266
1856379.IV.PZZT..HH,0,0.9973566,0.9973565936088562
1856379.MN.VLC..HH,1,0.9957005,0.004299521446228027
1856379.IV.ZCCA..HH,1,0.99616575,0.003834247589111328
18568891.IV.ARCI..HH,1,0.9989465,0.0010535120964050293
18570211.IV.ARCI..HH,1,0.9982716,0.0017284154891967773
18570211.IV.MCIV..HH,1,0.9979263,0.0020737051963806152
18570421.IV.ARCI..HH,1,0.99815816,0.0018418431282043457
18570421.IV.MCIV..HH,1,0.99638224,0.0036177635192871094
1857329.IV.BDI..HH,0,0.0045552207,0.00455522071570158
1857329.IV.ZCCA..HH,1,0.99644107,0.003558933734893799
18574461.IV.BRIS..HH,1,0.9990304,0.0009695887565612793
18574461.IV.IMOL..EH,0,0.08408641,0.08408641070127487
18574461.IV.LMD..HH,1,0.99701345,0.0029865503311157227
1857549.IV.CRMI..HH,1,0.99270314,0.007296860218048096
1857549.IV.CSNT..HH,1,0.9966349,0.0033650994300842285
18581651.IV.ARCI..HH,1,0.99763197,0.002368032932281494
18604351.IV.BOB..HH,1,0.99817425,0.0018257498741149902
18604351.GU.EQUI..HH,0,0.0038165713,0.00381657131947577
18604351.GU.GRAM..HH,0,0.0020680686,0.0020680685993283987
18604351.GU.SARM..EH,0,0.0027577442,0.00275774416513741
18604351.MN.VLC..HH,0,0.009763142,0.009763142094016075
18612991.IV.SERM..EH,1,0.99785006,0.00214993953704834
1861779.IV.BDI..HH,1,0.99301493,0.006985068321228027
1861779.IV.FNVD..HH,0,0.004268297,0.004268296994268894
1863389.IV.FNVD..HH,1,0.99897134,0.0010286569595336914
1863629.IV.FNVD..HH,1,0.99871284,0.0012871623039245605
1864381.IV.BOB..HH,1,0.9976848,0.002315223217010498
1864381.IV.MSSA..HH,1,0.995123,0.004876971244812012
1864421.GU.GRAM..HH,0,0.005200317,0.00520031712949276
1864559.IV.ARCI..HH,1,0.99533564,0.004664361476898193
1864559.IV.CRMI..HH,1,0.9969173,0.0030826926231384277
1864559.IV.CSNT..HH,1,0.99817497,0.0018250346183776855
1864559.IV.MAON..HH,1,0.99846774,0.0015322566032409668
1864921.IV.BOB..HH,1,0.9972615,0.002738475799560547
1864921.IV.MSSA..HH,1,0.99053454,0.009465456008911133
18650451.IV.PII..HH,1,0.98924714,0.010752856731414795
1865799.IV.CRMI..HH,0,0.0023288468,0.002328846836462617
1865799.IV.CSNT..HH,0,0.0018958858,0.0018958857981488109
1865799.IV.MTRZ..HH,1,0.9896056,0.010394394397735596
1865799.IV.SFI..EH,0,0.0031967682,0.003196768229827285
1865941.GU.FINB..HH,0,0.012771332,0.012771331705152988
1866101.IV.MSSA..HH,1,0.9965993,0.0034006834030151367
18661891.IV.BRIS..HH,1,0.99542636,0.004573643207550049
18661891.IV.IMOL..EH,0,0.02190112,0.021901119500398636
18661891.IV.SFI..EH,1,0.99608463,0.003915369510650635
1866211.IV.BOB..HH,1,0.9978666,0.0021334290504455566
1866211.IV.MSSA..HH,1,0.9979903,0.0020096898078918457
1866499.IV.BDI..HH,0,0.0012865592,0.0012865591561421752
1866499.IV.ZCCA..HH,0,0.0035066297,0.003506629727780819
1866631.IV.BOB..HH,1,0.9971292,0.002870798110961914
1867161.IV.CAVE..HH,0,0.0033998855,0.003399885492399335
1867161.IV.RAVA..EH,0,0.0011051291,0.0011051291367039084
1867941.IV.BOB..HH,1,0.998887,0.0011129975318908691
1870109.IV.MTRZ..HH,1,0.9974973,0.0025026798248291016
1870159.IV.ERBM..EH,0,0.002327395,0.0023273949045687914
1870159.IV.PRMA..HH,0,0.011001767,0.0110017666593194
1870169.NI.AGOR..HH,1,0.9974357,0.0025643110275268555
1870169.MN.BNI..HH,1,0.993353,0.006646990776062012
1870169.IV.BOB..HH,0,0.002135077,0.0021350770257413387
1870169.IV.CERT..HH,0,0.0036283557,0.003628355683758855
1870169.IV.CING..HH,1,0.9980815,0.001918494701385498
1870169.IV.CRMI..HH,0,0.0016711551,0.0016711550997570157
1870169.IV.CSNT..HH,0,0.0017841682,0.0017841681838035583
1870169.IV.DGI..HH,0,0.0050368086,0.005036808550357819
1870169.IV.FIAM..HH,0,0.006272102,0.006272101774811745
1870169.IV.FSSB..HH,1,0.99797887,0.0020211338996887207
1870169.IV.FVI..HH,1,0.99577403,0.004225969314575195
1870169.IV.GUAR..HH,0,0.0022264598,0.0022264597937464714
1870169.IV.LATE..HH,0,0.0033403756,0.0033403756096959114
1870169.IV.MABI..HH,1,0.99889207,0.001107931137084961
1870169.IV.MAON..HH,0,0.00588451,0.00588450999930501
1870169.IV.MDI..HH,1,0.999015,0.0009850263595581055
1870169.IV.MGAB..HH,0,0.002108369,0.0021083690226078033
1870169.IV.MNS..HH,0,0.0032441083,0.003244108287617564
1870169.IV.MTCE..HH,0,0.0018864307,0.001886430662125349
1870169.IV.MTRZ..HH,1,0.99362,0.006380021572113037
1870169.IV.MURB..HH,0,0.0061714044,0.006171404384076595
1870169.IV.PARC..HH,0,0.0017696375,0.001769637456163764
1870169.IV.PESA..HH,1,0.9977577,0.0022423267364501953
1870169.IV.PRMA..HH,0,0.0010413121,0.001041312119923532
1870169.IV.ROVR..HH,1,0.99838495,0.0016150474548339844
1870169.IV.SALO..HH,0,0.0015177609,0.0015177609166130424
1870169.IV.SBPO..HH,0,0.008320719,0.008320719003677368
1870169.IV.TERO..HH,1,0.997542,0.0024579763412475586
1870169.IV.TOLF..HH,0,0.002421568,0.002421567915007472
1870169.MN.TUE..HH,1,0.99856657,0.0014334321022033691
1870169.IV.ZCCA..HH,0,0.00519089,0.0051908898167312145
1870749.IV.CDCA..EH,1,0.98060834,0.019391655921936035
1870749.IV.CRMI..HH,0,0.0024025983,0.0024025982711464167
1870749.IV.CSNT..HH,0,0.0028521423,0.002852142322808504
1870749.IV.DGI..HH,0,0.01818666,0.0181866604834795
1870749.IV.FRES..HH,1,0.99643594,0.0035640597343444824
1870749.IV.GUAR..HH,0,0.013931571,0.013931570574641228
1870749.IV.LATE..HH,0,0.013164608,0.013164607807993889
1870749.IV.MABI..HH,0,0.002144715,0.0021447150502353907
1870749.IV.MAON..HH,0,0.0024823865,0.002482386538758874
1870749.IV.MGAB..HH,0,0.0020603745,0.002060374477878213
1870749.IV.MNS..HH,0,0.016889147,0.016889147460460663
1870749.IV.MTCE..HH,0,0.0029969793,0.002996979281306267
1870749.IV.MTRZ..HH,1,0.9950354,0.004964590072631836
1870749.IV.MURB..HH,0,0.0052313544,0.005231354385614395
1870749.IV.PARC..HH,0,0.0033149894,0.003314989386126399
1870749.IV.PESA..HH,1,0.9951954,0.0048046112060546875
1870749.IV.PRMA..HH,0,0.0021075027,0.0021075026597827673
1870749.IV.SACS..HH,0,0.0028763767,0.0028763767331838608
1870749.IV.SALO..HH,0,0.0015100834,0.0015100834425538778
1870749.IV.SBPO..HH,0,0.0053288327,0.005328832659870386
1870749.IV.TERO..HH,1,0.9955172,0.0044828057289123535
1870749.MN.TUE..HH,0,0.0012721852,0.0012721852399408817
1870749.IV.ZCCA..HH,0,0.002687961,0.002687961095944047
1870899.IV.BOB..HH,1,0.99703544,0.0029645562171936035
1870899.IV.CING..HH,1,0.9962037,0.0037962794303894043
1870899.IV.ERBM..EH,0,0.0013320557,0.0013320556608960032
1870899.IV.MNS..HH,1,0.9395654,0.060434579849243164
1870899.IV.ROVR..HH,0,0.53246295,0.5324629545211792
1870899.IV.SBPO..HH,0,0.017613282,0.017613282427191734
1870899.IV.ZCCA..HH,1,0.9907096,0.00929039716720581
1871549.IV.CSNT..HH,1,0.99505186,0.004948139190673828
1871549.IV.ERBM..EH,0,0.01408525,0.014085249975323677
1871549.IV.MABI..HH,0,0.0032148473,0.003214847296476364
1871549.IV.MDI..HH,1,0.9971528,0.0028471946716308594
1871549.IV.PRMA..HH,1,0.8230228,0.1769772171974182
1871549.IV.RAVA..EH,0,0.002128666,0.0021286660339683294
1871549.IV.SBPO..HH,0,0.037866004,0.037866003811359406
1871549.MN.TUE..HH,1,0.9973865,0.0026134848594665527
1871549.IV.ZCCA..HH,1,0.99313277,0.00686722993850708
1871599.IV.ERBM..EH,1,0.9974983,0.0025017261505126953
1872209.IV.CING..HH,1,0.99684983,0.00315016508102417
1872209.IV.CSNT..HH,0,0.004331179,0.004331178963184357
1872209.IV.MABI..HH,0,0.004212166,0.004212166182696819
1872209.IV.MDI..HH,0,0.0020207672,0.002020767191424966
1872209.IV.PRMA..HH,0,0.002968515,0.0029685150366276503
1872209.IV.RAVA..EH,0,0.0778692,0.07786919921636581
1872209.IV.SBPO..HH,0,0.023754505,0.023754505440592766
1872209.MN.TUE..HH,0,0.0024116256,0.0024116255808621645
1872209.IV.ZCCA..HH,0,0.029329311,0.029329311102628708
18726131.IV.BDI..HH,1,0.9976068,0.002393186092376709
18726131.IV.CAFI..HH,0,0.0049361465,0.004936146549880505
18726131.GU.CARD..HH,1,0.995976,0.004024028778076172
18726131.IV.CASP..HH,1,0.9987247,0.0012753009796142578
18726131.IV.CSNT..HH,1,0.9984719,0.0015280842781066895
18726131.IV.FNVD..HH,1,0.9640198,0.035980224609375
18726131.IV.FROS..HH,0,0.0029732864,0.002973286435008049
18726131.GU.MAIM..HH,1,0.99750227,0.002497732639312744
18726131.IV.MCIV..HH,0,0.0018109211,0.001810921123251319
18726131.IV.MPPT..EH,1,0.99747604,0.002523958683013916
18726131.IV.MTCR..EH,1,0.994511,0.005488991737365723
18726131.IV.OSSC..HH,1,0.9979637,0.00203627347946167
18726131.IV.PII..HH,1,0.998348,0.0016520023345947266
18726131.GU.POPM..HH,1,0.99738187,0.002618134021759033
18726131.IV.RIBO..EH,0,0.9980905,0.9980905055999756
1872969.IV.ERBM..EH,0,0.0030038503,0.003003850346431136
1873009.IV.MTRZ..HH,1,0.99622107,0.0037789344787597656
1873019.IV.ERBM..EH,0,0.014437984,0.014437983743846416
1873089.IV.ROVR..HH,1,0.9927959,0.007204115390777588
1873119.IV.ERBM..EH,0,0.0037420436,0.0037420436274260283
1873659.IV.ERBM..EH,1,0.9983622,0.0016378164291381836
1873659.IV.PRMA..HH,0,0.0021204434,0.0021204433869570494
1875491.IV.CRMI..HH,1,0.9981061,0.0018938779830932617
1875491.IV.CSNT..HH,1,0.99785393,0.0021460652351379395
1875491.IV.FROS..HH,1,0.9984951,0.0015048980712890625
1875491.IV.RUFI..EH,1,0.9986347,0.0013653039932250977
1875491.IV.TRIF..HH,1,0.99832046,0.001679539680480957
1875689.IV.ERBM..EH,1,0.9981899,0.0018100738525390625
1876769.IV.BDI..HH,1,0.9983266,0.0016734004020690918
1876769.IV.ZCCA..HH,1,0.9979965,0.002003490924835205
1880099.GU.SC2M..HH,1,0.99502414,0.004975855350494385
1880109.GU.SC2M..HH,1,0.9977384,0.0022615790367126465
1880349.IV.ERBM..EH,0,0.002373754,0.002373754046857357
1880379.IV.FIU..EH,1,0.9844219,0.015578091144561768
1881309.IV.ZCCA..HH,0,0.01115923,0.011159230023622513
1881459.IV.BDI..HH,1,0.9971971,0.002802908420562744
1881459.MN.VLC..HH,1,0.9987046,0.0012953877449035645
1882569.IV.ARCI..HH,1,0.9969414,0.00305861234664917
1884129.IV.ERBM..EH,1,0.9981434,0.0018566250801086426
1886479.IV.MTRZ..HH,0,0.0047081537,0.004708153661340475
1886729.IV.BOB..HH,1,0.99844,0.0015599727630615234
1887269.MN.VLC..HH,1,0.9976419,0.002358078956604004
1887309.IV.ERBM..EH,1,0.99287575,0.0071242451667785645
1893839.GU.MAIM..HH,0,0.037543476,0.03754347562789917
1893849.IV.CAFI..HH,1,0.9945044,0.005495607852935791
18967731.IV.BOB..HH,1,0.9965054,0.0034946203231811523
18967731.GU.GORR..HH,1,0.9914313,0.00856870412826538
18967731.GU.GRAM..HH,1,0.9975299,0.002470076084136963
18967731.GU.RNCA..HH,1,0.99676734,0.0032326579093933105
18967841.IV.BOB..HH,1,0.9977754,0.0022246241569519043
18967841.GU.GORR..HH,1,0.99366856,0.006331443786621094
18967841.GU.GRAM..HH,1,0.99801135,0.001988649368286133
18968821.GU.EQUI..HH,0,0.011411414,0.011411413550376892
19067361.GU.GSCL..HH,1,0.9969511,0.0030488967895507812
19067361.IV.PII..HH,1,0.98082787,0.01917213201522827
19067361.GU.SARM..EH,1,0.9930952,0.006904780864715576
19067361.MN.VLC..HH,1,0.9967182,0.0032817721366882324
19067361.IV.ZCCA..HH,0,0.00988235,0.009882350452244282
19103491.IV.ARCI..HH,1,0.99681175,0.0031882524490356445
19103491.IV.ASQU..HH,1,0.9956051,0.004394888877868652
19103491.IV.ATMC..EH,1,0.9916598,0.008340179920196533
19103491.IV.ATVA..EH,1,0.98656845,0.013431549072265625
19103491.IV.BDI..HH,1,0.9977223,0.002277672290802002
19103491.IV.CRE..HH,1,0.99342036,0.00657963752746582
19103491.IV.CRMI..HH,1,0.9986348,0.0013651847839355469
19103491.IV.CSNT..HH,1,0.9973458,0.0026541948318481445
19103491.IV.FNVD..HH,1,0.9948558,0.005144178867340088
19103491.IV.FROS..HH,0,0.0046933778,0.004693377763032913
19103491.GU.MAIM..HH,1,0.9977269,0.002273082733154297
19103491.IV.MAON..HH,1,0.99439245,0.005607545375823975
19103491.IV.MPPT..EH,1,0.99825376,0.0017462372779846191
19103491.IV.MTCR..EH,1,0.99828744,0.0017125606536865234
19103491.IV.OSSC..HH,1,0.99841356,0.0015864372253417969
19103491.IV.PII..HH,1,0.99793905,0.0020609498023986816
19103491.GU.POPM..HH,1,0.99831194,0.0016880631446838379
19103491.IV.RIBO..EH,1,0.0058831987,0.99411680130288
19103491.IV.RUFI..EH,1,0.9984821,0.0015178918838500977
1911531.IV.RAVA..EH,1,0.99841535,0.0015846490859985352
19155471.IV.ASQU..HH,1,0.9947282,0.005271792411804199
19155471.IV.BRIS..HH,1,0.9974113,0.0025886893272399902
19155471.IV.LMD..HH,1,0.99624074,0.0037592649459838867
19155471.IV.MOCL..EH,1,0.99747777,0.0025222301483154297
19155471.IV.RUFI..EH,1,0.9976872,0.002312779426574707
19155471.IV.SEI..HH,0,0.007838963,0.007838962599635124
19155471.IV.SFI..EH,1,0.9982064,0.0017936229705810547
19159451.IV.ASQU..HH,0,0.9969395,0.996939480304718
19159451.IV.BLLA..EH,0,0.046242833,0.04624283313751221
19159451.IV.BRIS..HH,1,0.997793,0.0022069811820983887
19159451.IV.IMOL..EH,0,0.17299533,0.17299532890319824
19159451.IV.PARC..HH,0,0.9972024,0.9972023963928223
19159451.IV.PE3..EH,0,0.021816153,0.021816153079271317
19159451.IV.PIEI..HH,0,0.023516783,0.023516783490777016
19159451.IV.RSM2..HH,1,0.98357856,0.01642143726348877
19159451.IV.RUFI..EH,1,0.99822724,0.001772761344909668
19159451.IV.SSP9..EH,1,0.116305225,0.8836947754025459
19160601.IV.ASQU..HH,1,0.99526227,0.004737734794616699
19160601.IV.BRIS..HH,1,0.98772144,0.012278556823730469
19160601.IV.RUFI..EH,1,0.98565567,0.014344334602355957
19160601.IV.SFI..EH,1,0.9913655,0.008634507656097412
19165151.IV.ASQU..HH,1,0.99453783,0.005462169647216797
19165151.IV.RUFI..EH,1,0.997664,0.0023360252380371094
19165151.IV.SFI..EH,1,0.9982063,0.00179368257522583
19166871.IV.PRMA..HH,1,0.94401544,0.055984556674957275
19169031.IV.ASQU..HH,1,0.9970158,0.0029842257499694824
19169031.IV.BRIS..HH,1,0.9918259,0.008174121379852295
19169031.IV.CRE..HH,1,0.97283,0.027170002460479736
19169031.IV.SEI..HH,0,0.0070839603,0.007083960343152285
19169031.IV.SFI..EH,1,0.99892837,0.001071631908416748
19218021.IV.BDI..HH,1,0.9981966,0.0018033981323242188
19218021.GU.EQUI..HH,0,0.003877122,0.0038771219551563263
19218021.GU.GSCL..HH,0,0.015180691,0.01518069114536047
19218021.GU.MAIM..HH,1,0.9955207,0.0044792890548706055
19218021.IV.MSSA..HH,1,0.99616456,0.003835439682006836
19218021.IV.PLMA..HH,1,0.99431044,0.005689561367034912
19218021.GU.POPM..HH,1,0.9970737,0.0029262900352478027
19218021.MN.VLC..HH,0,0.004041531,0.0040415311232209206
19291171.IV.BDI..HH,1,0.99734896,0.002651035785675049
19291171.GU.CARD..HH,1,0.99837255,0.0016274452209472656
19291171.IV.CRMI..HH,1,0.99794376,0.0020562410354614258
19291171.GU.EQUI..HH,0,0.0013144686,0.0013144685653969646
19291171.GU.GRAM..HH,0,0.0031400304,0.0031400304287672043
19291171.GU.MAIM..HH,1,0.9976731,0.0023269057273864746
19291171.IV.MTCR..EH,1,0.9984623,0.0015376806259155273
19291171.IV.PII..HH,1,0.9970917,0.0029082894325256348
19291171.GU.POPM..HH,1,0.9959451,0.004054903984069824
19291171.GU.SARM..EH,0,0.009089942,0.009089942090213299
19291171.IV.SEI..HH,1,0.997429,0.0025709867477416992
19291171.MN.VLC..HH,0,0.007296769,0.007296768948435783
19303651.GU.GRAM..HH,1,0.9990535,0.0009465217590332031
19303651.IV.MSSA..HH,0,0.018090386,0.0180903859436512
19346971.IV.ASQU..HH,1,0.99634504,0.003654956817626953
19346971.IV.CRE..HH,0,0.0067083165,0.006708316504955292
19346971.IV.CSNT..HH,0,0.0067793382,0.0067793382331728935
19346971.IV.FNVD..HH,1,0.996983,0.0030170083045959473
19346971.IV.LMD..HH,1,0.9976207,0.002379298210144043
19375991.IV.LMD..HH,0,0.01149199,0.011491989716887474
19375991.IV.SFI..EH,1,0.99720216,0.002797842025756836
1938141.IV.ATCC..EH,1,0.9960518,0.003948211669921875
1938141.IV.FROS..HH,1,0.99811494,0.001885056495666504
1938141.IV.LNSS..HH,0,0.0061337943,0.006133794318884611
1938141.IV.PIEI..HH,0,0.011280248,0.011280247941613197
1938141.IV.TRIF..HH,0,0.004084573,0.0040845731273293495
19386391.GU.GORR..HH,1,0.9961328,0.003867208957672119
19386391.GU.GRAM..HH,0,0.0015247007,0.0015247006667777896
19386911.GU.GORR..HH,1,0.9977509,0.00224912166595459
19386911.GU.GRAM..HH,0,0.0015425406,0.0015425406163558364
19386911.IV.PII..HH,1,0.9961939,0.0038061141967773438
19395691.OX.BALD..HH,0,0.002042969,0.0020429689902812243
19395691.GU.GORR..HH,1,0.99715745,0.002842545509338379
19395691.GU.GRAM..HH,1,0.9983613,0.0016387104988098145
19395691.GU.GSCL..HH,1,0.9964265,0.003573477268218994
19395691.IV.IMI..HH,0,0.0012243652,0.0012243652017787099
19395691.SI.LUSI..HH,0,0.0028156638,0.0028156638145446777
19395691.GU.MGRO..HH,0,0.0014688454,0.001468845410272479
19395691.IV.MSSA..HH,0,0.0025437158,0.0025437157601118088
19395691.IV.OPPE..HH,0,0.001394559,0.0013945590471848845
19395691.IV.ORZI..HH,0,0.017893538,0.017893537878990173
19395691.GU.PCP..HH,0,0.0012806753,0.0012806752929463983
19395691.IV.PLMA..HH,0,0.0013875689,0.0013875688891857862
19395691.IV.PRMA..HH,1,0.99624014,0.0037598609924316406
19395691.IV.QLNO..HH,0,0.00089036115,0.0008903611451387405
19395691.GU.RNCA..HH,0,0.0011080529,0.001108052907511592
19395691.GU.RORO..HH,1,0.9954487,0.004551291465759277
19395691.GU.SARM..EH,1,0.99284333,0.007156670093536377
19395691.IV.VARE..HH,0,0.007716573,0.007716572843492031
19395691.MN.VLC..HH,1,0.9960915,0.003908514976501465
19395921.ST.DOSS..HH,0,0.0068631507,0.006863150745630264
19395921.GU.GORR..HH,0,0.002007706,0.0020077060908079147
19395921.IV.MABI..HH,0,0.01092581,0.010925809852778912
19395921.IV.MAGA..HH,0,0.012677652,0.012677651830017567
19395921.GU.MGRO..HH,1,0.9980638,0.001936197280883789
19396521.ST.VARA..EH,1,0.99803936,0.0019606351852416992
19396521.MN.VLC..HH,1,0.9839784,0.01602160930633545
19396761.GU.GORR..HH,0,0.0058256015,0.005825601518154144
19397891.GU.CANO..HH,0,0.01802193,0.018021930009126663
19397891.ST.GAGG..HH,0,0.008533184,0.008533184416592121
19397891.GU.GORR..HH,0,0.0023300238,0.0023300237953662872
19397891.GU.MAIM..HH,0,0.009307709,0.009307708591222763
19397891.IV.MSSA..HH,0,0.002089162,0.002089161891490221
19397891.IV.PII..HH,0,0.011152309,0.011152309365570545
19397891.GU.POPM..HH,0,0.13335027,0.13335026800632477
19397891.ST.RONC..EH,1,0.9950514,0.004948616027832031
19397891.GU.SARM..EH,0,0.032073755,0.03207375481724739
19397891.GU.TRAV..HH,1,0.99638766,0.003612339496612549
19397891.ST.VARA..EH,0,0.009181453,0.009181452915072441
19397891.IV.VARE..HH,0,0.173923,0.17392300069332123
1940131.IV.CAVE..HH,0,0.0036735195,0.0036735194735229015
1940131.IV.RAVA..EH,0,0.012403688,0.01240368839353323
19409041.IV.CRE..HH,1,0.9968507,0.003149271011352539
1941091.GU.CARD..HH,0,0.016185954,0.016185954213142395
19430111.GU.GRAM..HH,1,0.9969623,0.003037691116333008
19430111.GU.GSCL..HH,1,0.9974129,0.0025870800018310547
19437941.IV.RUFI..EH,1,0.9968783,0.003121674060821533
19509421.GU.GORR..HH,1,0.9980058,0.001994192600250244
19510301.IV.BOB..HH,1,0.99865216,0.0013478398323059082
19510301.GU.GORR..HH,1,0.9954222,0.004577815532684326
19510301.GU.GRAM..HH,0,0.00200032,0.002000320004299283
19510301.IV.MSSA..HH,0,0.0023994106,0.0023994105868041515
19541751.IV.BDI..HH,1,0.9939211,0.006078898906707764
19541751.IV.OSSC..HH,0,0.0048026573,0.004802657291293144
19541751.IV.PII..HH,0,0.0031634294,0.003163429442793131
19552011.IV.CSNT..HH,0,0.012417843,0.012417842634022236
19625361.GU.GORR..HH,0,0.007730731,0.007730730809271336
1968511.IV.MTRZ..HH,0,0.0027632986,0.002763298572972417
19743431.GU.GRAM..HH,1,0.99763405,0.0023659467697143555
19743431.GU.GSCL..HH,1,0.9974954,0.002504587173461914
19743431.GU.MAIM..HH,0,0.011428877,0.011428876779973507
19743431.IV.MSSA..HH,1,0.9961589,0.003841102123260498
19743431.IV.PII..HH,1,0.9960394,0.003960609436035156
19743431.GU.SARM..EH,0,0.018474694,0.018474694341421127
19743431.MN.VLC..HH,1,0.99600035,0.003999650478363037
19746061.GU.EQUI..HH,1,0.9972348,0.002765178680419922
19746061.GU.GRAM..HH,1,0.9970417,0.0029582977294921875
19746061.IV.MSSA..HH,1,0.99618196,0.003818035125732422
19746061.IV.PLMA..HH,1,0.9972147,0.002785325050354004
19746061.GU.SARM..EH,0,0.0023449075,0.002344907494261861
19746061.MN.VLC..HH,0,0.013103464,0.013103463687002659
19756031.IV.BDI..HH,1,0.9975048,0.0024952292442321777
19756031.GU.EQUI..HH,1,0.9977582,0.002241790294647217
19756031.GU.GRAM..HH,1,0.99738103,0.0026189684867858887
19756031.IV.PII..HH,1,0.9874566,0.01254338026046753
19756031.GU.SARM..EH,0,0.004885299,0.004885299131274223
19756031.MN.VLC..HH,0,0.008591441,0.008591441437602043
19768621.IV.MOCL..EH,0,0.017861681,0.017861681059002876
19768621.IV.MTCR..EH,1,0.9958015,0.00419849157333374
19768621.GU.POPM..HH,1,0.9950716,0.004928410053253174
19794421.GU.GRAM..HH,1,0.9986703,0.0013297200202941895
19794421.GU.MAIM..HH,1,0.017840758,0.9821592420339584
19794421.IV.PII..HH,1,0.0027319293,0.9972680706996471
19795321.IV.BOB..HH,1,0.003118044,0.9968819560017437
19795321.GU.GRAM..HH,1,0.99819493,0.0018050670623779297
19795321.IV.PII..HH,1,0.003711773,0.996288226917386
19795321.IV.PLMA..HH,1,0.9988425,0.001157522201538086
1981029.IV.BDI..HH,1,0.99893284,0.0010671615600585938
1981029.IV.CRMI..HH,1,0.99524796,0.004752039909362793
1981029.IV.PZZT..HH,1,0.99744064,0.002559363842010498
1983471.IV.BOB..HH,1,0.9963868,0.0036131739616394043
1983471.NI.CGRP..HH,0,0.0034759091,0.0034759091213345528
1983471.IV.CSNT..HH,1,0.9984612,0.0015388131141662598
1983471.IV.CTI..HH,0,0.006622356,0.00662235589697957
1983471.IV.FIU..EH,0,0.006419466,0.0064194658771157265
1983471.IV.MSSA..HH,1,0.99597067,0.004029333591461182
1983471.IV.SERM..EH,0,0.015573234,0.015573234297335148
1983471.IV.TEOL..HH,0,0.00674475,0.006744749844074249
19840541.IV.CRMI..HH,1,0.9977406,0.002259373664855957
19840541.IV.FNVD..HH,0,0.003974157,0.0039741569198668
19840541.GU.GSCL..HH,1,0.9977158,0.002284228801727295
19840541.IV.MOCL..EH,0,0.0030122474,0.003012247383594513
19840541.IV.MPPT..EH,1,0.9982126,0.001787424087524414
19840541.IV.MTCR..EH,1,0.99803203,0.0019679665565490723
19840541.IV.PII..HH,1,0.9978157,0.002184271812438965
19840541.GU.POPM..HH,1,0.995052,0.004948019981384277
19840541.IV.ZCCA..HH,1,0.99732244,0.0026775598526000977
19841481.IV.MOCL..EH,0,0.0018904193,0.0018904192838817835
19841481.IV.MTCR..EH,1,0.99924785,0.0007521510124206543
19860881.IV.BDI..HH,1,0.9926244,0.007375597953796387
19860881.GU.EQUI..HH,1,0.9980359,0.001964092254638672
19860881.GU.GORR..HH,0,0.0025581063,0.0025581063237041235
19860881.MN.VLC..HH,1,0.9984323,0.0015677213668823242
19876281.MN.VLC..HH,1,0.99920905,0.0007909536361694336
19895731.IV.BDI..HH,0,0.0732904,0.0732904002070427
19896211.IV.BDI..HH,0,0.0022398408,0.002239840803667903
19896211.GU.CARD..HH,0,0.006082957,0.006082957144826651
19896211.MN.VLC..HH,1,0.98410445,0.015895545482635498
19903971.GU.EQUI..HH,1,0.9855061,0.014493882656097412
19903971.GU.MAIM..HH,1,0.9806095,0.019390523433685303
19903971.IV.MOCL..EH,1,0.94431984,0.055680155754089355
19903971.IV.MTCR..EH,0,0.0067437026,0.006743702571839094
19903971.IV.PII..HH,1,0.9948474,0.005152583122253418
19903971.GU.POPM..HH,0,0.006060319,0.006060319021344185
19912351.GU.GSCL..HH,1,0.9988173,0.0011826753616333008
19912351.GU.POPM..HH,1,0.9980241,0.0019758939743041992
19912351.GU.SARM..EH,0,0.0020574224,0.0020574224181473255
19912351.MN.VLC..HH,0,0.005095625,0.005095624830573797
19913301.IV.BDI..HH,1,0.998794,0.0012059807777404785
19913301.GU.CARD..HH,1,0.9938708,0.006129205226898193
19913301.GU.GSCL..HH,1,0.9680274,0.03197258710861206
19913301.IV.MTCR..EH,0,0.0032070805,0.0032070805318653584
19913301.MN.VLC..HH,1,0.99355817,0.006441831588745117
19920341.MN.VLC..HH,1,0.9964081,0.00359189510345459
19921831.GU.CARD..HH,1,0.9654492,0.03455078601837158
19921831.GU.GSCL..HH,0,0.004029995,0.004029994830489159
19921831.GU.SARM..EH,1,0.99735427,0.002645730972290039
19921831.MN.VLC..HH,1,0.9987236,0.0012763738632202148
19921831.IV.ZCCA..HH,1,0.9976218,0.002378225326538086
19922611.IV.BDI..HH,1,0.9987669,0.0012331008911132812
19922611.IV.CRMI..HH,0,0.018099748,0.018099747598171234
19922611.IV.MOCL..EH,1,0.99780333,0.002196669578552246
19922611.GU.SARM..EH,1,0.9884034,0.011596620082855225
19922611.MN.VLC..HH,1,0.99742556,0.002574443817138672
19925481.IV.BDI..HH,1,0.9942986,0.005701422691345215
19925481.GU.CARD..HH,1,0.9970627,0.00293731689453125
19925481.IV.CRMI..HH,1,0.9953284,0.004671573638916016
19925481.IV.FNVD..HH,1,0.9737392,0.026260793209075928
19925481.GU.MAIM..HH,1,0.99645805,0.0035419464111328125
19925481.IV.MPPT..EH,1,0.99737525,0.0026247501373291016
19925481.IV.MTCR..EH,1,0.9951794,0.004820585250854492
19925481.IV.PII..HH,1,0.9974812,0.002518773078918457
19925481.IV.PLMA..HH,1,0.9973263,0.0026736855506896973
19925481.GU.POPM..HH,1,0.99553126,0.004468739032745361
19925481.GU.SARM..EH,0,0.0069850637,0.006985063664615154
19925481.MN.VLC..HH,0,0.01890206,0.018902059644460678
19925481.IV.ZCCA..HH,1,0.998042,0.001958012580871582
19931311.IV.MTCR..EH,0,0.002488812,0.0024888119660317898
19931311.GU.POPM..HH,0,0.0020464112,0.002046411158517003
1997119.GU.MAIM..HH,1,0.00471186,0.9952881401404738
1997119.IV.PZZT..HH,0,0.06693761,0.06693761050701141
20011551.GU.GSCL..HH,1,0.9959194,0.004080593585968018
20011551.GU.POPM..HH,1,0.99867195,0.0013280510902404785
20021621.GU.EQUI..HH,0,0.010921421,0.010921421460807323
20035321.GU.CARD..HH,1,0.99241185,0.00758814811706543
20035321.GU.GSCL..HH,0,0.0015645863,0.0015645863022655249
20035321.IV.MTCR..EH,1,0.9979946,0.0020053982734680176
20035321.GU.POPM..HH,1,0.99634176,0.0036582350730895996
20049791.IV.CRE..HH,0,0.013848168,0.013848167844116688
20067001.IV.MTCR..EH,1,0.99713564,0.002864360809326172
20122421.IV.NDIM..HH,0,0.008563765,0.008563765324652195
20146301.IV.BDI..HH,1,0.99841434,0.0015856623649597168
20146301.GU.CARD..HH,1,0.9985981,0.0014019012451171875
20146301.GU.GSCL..HH,1,0.9978195,0.0021805167198181152
20146301.GU.POPM..HH,1,0.9974382,0.002561807632446289
20146301.MN.VLC..HH,1,0.9985706,0.0014293789863586426
20271091.IV.FNVD..HH,1,0.9954432,0.004556775093078613
20271091.IV.MPPT..EH,1,0.99815375,0.0018462538719177246
20271091.GU.POPM..HH,0,0.002570598,0.0025705979205667973
2030251.IV.BOB..HH,1,0.99684834,0.0031516551971435547
20323941.GU.EQUI..HH,0,0.0047188667,0.004718866664916277
20323941.IV.MSSA..HH,1,0.9950206,0.004979372024536133
20323941.IV.PLMA..HH,1,0.99584454,0.004155457019805908
20323941.GU.SARM..EH,0,0.0067267767,0.0067267767153680325
20323941.MN.VLC..HH,0,0.0051440387,0.005144038703292608
20353331.IV.ARCI..HH,0,0.0028537686,0.0028537686448544264
20353331.IV.CAFI..HH,1,0.9972703,0.0027297139167785645
20353331.IV.CASP..HH,1,0.9980073,0.0019927024841308594
20353331.IV.CSNT..HH,1,0.99819875,0.0018012523651123047
2035891.IV.RAVA..EH,0,0.003571724,0.0035717240534722805
2040191.IV.BDI..HH,0,0.002105458,0.002105457941070199
2040191.GU.CARD..HH,0,0.0049785315,0.004978531505912542
2040191.GU.MAIM..HH,0,0.0040649725,0.004064972512423992
2040191.GU.POPM..HH,0,0.0038365694,0.0038365693762898445
2040191.MN.VLC..HH,0,0.002513543,0.00251354300417006
20402961.GU.EQUI..HH,1,0.9965393,0.003460705280303955
20402961.IV.MSSA..HH,1,0.99212825,0.007871747016906738
2042881.IV.CRMI..HH,0,0.0013494001,0.0013494001468643546
2042881.GU.MAIM..HH,0,0.0018399032,0.0018399031832814217
20443471.OX.BALD..HH,0,0.001576944,0.0015769440215080976
20443471.IV.CAVE..HH,1,0.9964183,0.003581702709197998
20443471.ST.DOSS..HH,0,0.0016378172,0.0016378172440454364
20443471.GU.GSCL..HH,0,0.0025629324,0.002562932437285781
20443471.GU.MAIM..HH,0,0.027384277,0.027384277433156967
20443471.OX.MARN..HH,0,0.0018904608,0.0018904608441516757
20443471.IV.MBAL..EH,0,0.0034834126,0.003483412554487586
20443471.IV.MTCR..EH,1,0.986064,0.013935983180999756
20443471.IV.NDIM..HH,1,0.9987729,0.0012270808219909668
20443471.IV.PRMA..HH,0,0.026851334,0.026851333677768707
20443471.IV.TEOL..HH,0,0.002639129,0.0026391290593892336
20443471.ST.VARA..EH,0,0.0018321301,0.0018321301322430372
20443471.MN.VLC..HH,0,0.012385441,0.012385440990328789
20443471.IV.ZCCA..HH,0,0.004250454,0.004250453785061836
20459121.IV.MOCL..EH,0,0.022403488,0.02240348793566227
20459121.IV.RUFI..EH,1,0.99286854,0.007131457328796387
2048901.IV.NOVE..EH,1,0.99829406,0.001705944538116455
20552821.IV.MPPT..EH,1,0.6717667,0.3282333016395569
20552821.IV.RUFI..EH,1,0.0022187722,0.9977812278084457
20568701.IV.FNVD..HH,0,0.0024097704,0.0024097703862935305
20568701.IV.MPPT..EH,1,0.9979689,0.002031087875366211
20568701.IV.MTCR..EH,1,0.9963446,0.003655374050140381
20568701.GU.POPM..HH,1,0.9981677,0.0018323063850402832
20568701.IV.ZCCA..HH,1,0.9971233,0.0028766989707946777
20586091.GU.GSCL..HH,1,0.9974205,0.00257951021194458
20636291.IV.BDI..HH,1,0.99730724,0.0026927590370178223
20636291.GU.CARD..HH,1,0.99889004,0.0011099576950073242
20636291.IV.FNVD..HH,1,0.9974019,0.002598106861114502
20636291.IV.MPPT..EH,1,0.99525654,0.004743456840515137
20636291.IV.MTCR..EH,1,0.9973043,0.0026956796646118164
20636291.GU.POPM..HH,1,0.99762124,0.0023787617683410645
20637581.IV.ASQU..HH,1,0.9940486,0.005951404571533203
20637581.IV.BDI..HH,1,0.9903656,0.00963437557220459
20637581.IV.CRMI..HH,1,0.99877477,0.0012252330780029297
20637581.IV.CSNT..HH,1,0.9956557,0.004344284534454346
20637581.IV.MOCL..EH,0,0.0054653413,0.00546534126624465
20637581.IV.RIBO..EH,0,0.6442043,0.644204318523407
20682171.ST.PANI..EH,1,0.9962048,0.0037952065467834473
20698311.GU.SARM..EH,1,0.9880127,0.01198732852935791
20698311.MN.VLC..HH,1,0.9962311,0.0037689208984375
20699231.IV.BDI..HH,1,0.99575675,0.004243254661560059
20699231.GU.CARD..HH,1,0.97993344,0.020066559314727783
20699231.GU.GRAM..HH,1,0.9960695,0.003930509090423584
20699231.GU.GSCL..HH,1,0.9980914,0.0019086003303527832
20699231.IV.MTCR..EH,1,0.9614592,0.038540780544281006
20699231.GU.SARM..EH,1,0.99755555,0.002444446086883545
20699231.MN.VLC..HH,1,0.9980898,0.0019102096557617188
20718101.IV.BRIS..HH,0,0.978029,0.9780290126800537
20718101.IV.CRE..HH,1,0.9977658,0.002234220504760742
20718101.IV.IMOL..EH,1,0.99690676,0.003093242645263672
20718101.IV.LMD..HH,1,0.0040095258,0.995990474242717
20718101.IV.MTCR..EH,1,0.99375325,0.006246745586395264
20718101.IV.MTRZ..HH,1,0.99868065,0.0013193488121032715
20718101.IV.PARC..HH,1,0.99719685,0.0028031468391418457
20718101.IV.RUFI..EH,0,0.0026896042,0.0026896041817963123
20718101.IV.SEI..HH,1,0.9976607,0.002339303493499756
20757201.MN.VLC..HH,1,0.9962464,0.0037536025047302246
2079461.IV.CSNT..HH,0,0.003995989,0.003995988983660936
2079461.IV.FROS..HH,1,0.99745035,0.0025496482849121094
2079461.IV.TRIF..HH,0,0.9833468,0.9833468198776245
2081031.IV.RAVA..EH,0,0.005664923,0.00566492322832346
20816681.IV.FNVD..HH,1,0.9928811,0.007118880748748779
20816681.IV.ZCCA..HH,1,0.99779826,0.0022017359733581543
20845011.IV.FNVD..HH,0,0.03688791,0.03688791021704674
20845011.IV.LMD..HH,1,0.26499456,0.7350054383277893
20845011.IV.MOCL..EH,0,0.020735182,0.020735181868076324
20845011.IV.MPPT..EH,1,0.993175,0.006824970245361328
20845011.IV.MTCR..EH,1,0.9972718,0.0027282238006591797
20845011.GU.POPM..HH,1,0.93929577,0.06070423126220703
20845011.IV.RUFI..EH,0,0.0071573616,0.007157361600548029
20845011.IV.SEI..HH,0,0.0017613815,0.0017613815143704414
20869041.IV.MTCR..EH,0,0.013199287,0.01319928653538227
20869041.GU.POPM..HH,1,0.99621326,0.003786742687225342
20874421.IV.MSSA..HH,1,0.9972392,0.0027608275413513184
20874421.IV.PII..HH,1,0.99776447,0.0022355318069458008
20874421.IV.PLMA..HH,1,0.99788636,0.002113640308380127
2088141.IV.ASQU..HH,1,0.9977892,0.0022107958793640137
2088141.IV.CAFI..HH,0,0.0019241002,0.0019241002155467868
2088141.IV.CRMI..HH,1,0.9989862,0.0010138154029846191
2088141.IV.CSNT..HH,1,0.99837285,0.0016271471977233887
2088141.IV.FROS..HH,0,0.0024838308,0.002483830787241459
2088141.GU.MAIM..HH,1,0.9970492,0.0029507875442504883
2088141.IV.MAON..HH,1,0.9982914,0.0017086267471313477
2088141.IV.MCIV..HH,0,0.005167739,0.005167739000171423
2088141.GU.POPM..HH,1,0.9968704,0.00312960147857666
2088141.IV.SFI..EH,1,0.99773306,0.0022669434547424316
2088141.IV.TRIF..HH,1,0.9981991,0.0018008947372436523
20889481.IV.MOCL..EH,0,0.010526861,0.010526861064136028
20889481.IV.MTCR..EH,1,0.9935994,0.006400585174560547
20889481.IV.SEI..HH,0,0.026286948,0.02628694847226143
20889861.IV.BDI..HH,1,0.9989774,0.0010225772857666016
20889861.GU.GSCL..HH,1,0.99728936,0.0027106404304504395
20889861.GU.SARM..EH,1,0.9982671,0.0017328858375549316
20889861.MN.VLC..HH,1,0.9985788,0.001421213150024414
20896881.IV.MPPT..EH,1,0.9956918,0.004308223724365234
20896881.IV.RUFI..EH,1,0.9977207,0.0022792816162109375
20896881.IV.SEI..HH,1,0.9883428,0.011657178401947021
20906331.IV.MTRZ..HH,0,0.0064949864,0.006494986359030008
20925421.GU.GRAM..HH,1,0.9984475,0.0015525221824645996
20925421.SI.LUSI..HH,1,0.9935471,0.00645291805267334
20925421.IV.PLMA..HH,1,0.9938658,0.006134212017059326
20971571.GU.CARD..HH,1,0.09523707,0.9047629311680794
20971571.GU.MAIM..HH,0,0.0021219614,0.0021219614427536726
20971571.IV.MTCR..EH,0,0.6606124,0.6606124043464661
20971571.IV.PII..HH,1,0.9942818,0.0057181715965271
20971571.MN.VLC..HH,1,0.9972667,0.002733290195465088
20975311.IV.LMD..HH,0,0.0040743984,0.004074398428201675
2097851.IV.CAVE..HH,1,0.99728525,0.0027147531509399414
2102091.IV.CAVE..HH,1,0.9944992,0.00550079345703125
2102091.IV.RAVA..EH,0,0.023504552,0.023504551500082016
2102091.IV.TEOL..HH,0,0.005650306,0.00565030612051487
21070981.IV.ARCI..HH,1,0.9986984,0.001301586627960205
21070981.IV.LATE..HH,1,0.9975905,0.002409517765045166
21071711.IV.BOB..HH,0,0.04876044,0.048760440200567245
21071711.GU.CARD..HH,1,0.99405855,0.005941450595855713
21071711.GU.GORR..HH,1,0.9777014,0.022298574447631836
21071711.GU.GRAM..HH,1,0.9969683,0.0030316710472106934
21071711.IV.IMI..HH,1,0.99681544,0.0031845569610595703
21071711.IV.MBAL..EH,0,0.0058088787,0.005808878690004349
21071711.IV.MTCR..EH,0,0.016046364,0.01604636386036873
21071711.ST.PANI..EH,0,0.009112638,0.009112638421356678
21071711.IV.PII..HH,0,0.048949845,0.048949845135211945
21071711.GU.POPM..HH,0,0.004980691,0.004980690777301788
21071711.IV.PRMA..HH,0,0.011268644,0.011268643662333488
21071711.GU.RNCA..HH,0,0.027569655,0.02756965532898903
21071711.IV.RUFI..EH,1,0.9924333,0.007566690444946289
21071711.IV.SERM..EH,0,0.054934084,0.05493408441543579
21071711.ST.ZIAN..EH,1,0.96105915,0.03894084692001343
21085711.IV.MTRZ..HH,0,0.0016764626,0.0016764625906944275
21085711.IV.SEI..HH,1,0.9976271,0.002372920513153076
21097281.IV.ASQU..HH,0,0.04223206,0.04223205894231796
21097281.IV.BRIS..HH,1,0.99800855,0.001991450786590576
21097281.IV.RUFI..EH,1,0.9985975,0.0014024972915649414
21097281.IV.SFI..EH,0,0.0044383896,0.004438389558345079
21098061.IV.SEI..HH,0,0.0231967,0.02319669909775257
21134321.GU.MAIM..HH,1,0.9968049,0.0031951069831848145
21151781.IV.BOB..HH,0,0.009651534,0.009651534259319305
21151781.GU.GORR..HH,1,0.99499595,0.0050040483474731445
21151781.GU.GRAM..HH,0,0.98848814,0.9884881377220154
21151781.GU.RNCA..HH,1,0.9984695,0.0015305280685424805
21153091.IV.RIBO..EH,1,0.03751411,0.9624858908355236
21165281.GU.GORR..HH,1,0.9983868,0.0016131997108459473
21165281.IV.MSSA..HH,1,0.99572176,0.004278242588043213
21175441.IV.BDI..HH,1,0.99777067,0.00222933292388916
21175441.IV.CAFI..HH,0,0.0037147827,0.003714782651513815
21175441.GU.CARD..HH,1,0.9973833,0.002616703510284424
21175441.IV.CRE..HH,0,0.023291728,0.023291727527976036
21175441.IV.CSNT..HH,0,0.004662712,0.004662712104618549
21175441.IV.FIU..EH,0,0.05688572,0.056885719299316406
21175441.IV.FNVD..HH,1,0.998475,0.0015249848365783691
21175441.GU.GSCL..HH,1,0.9979353,0.0020647048950195312
21175441.GU.MAIM..HH,1,0.9938464,0.006153583526611328
21175441.IV.MOCL..EH,0,0.0034849409,0.00348494085483253
21175441.IV.OSSC..HH,0,0.038478743,0.03847874328494072
21175441.IV.PII..HH,0,0.0050094835,0.0050094835460186005
21175441.GU.POPM..HH,1,0.9974139,0.0025861263275146484
21175441.IV.SEI..HH,0,0.003445999,0.0034459989983588457
21175441.MN.VLC..HH,1,0.99452114,0.005478858947753906
21175441.IV.ZCCA..HH,0,0.006923033,0.00692303292453289
21175551.IV.FNVD..HH,1,0.998338,0.0016620159149169922
21175551.GU.POPM..HH,1,0.99601746,0.0039825439453125
21175551.IV.ZCCA..HH,0,0.0047759907,0.004775990732014179
21179461.IV.ASQU..HH,0,0.0036106708,0.0036106707993894815
21179461.IV.BDI..HH,1,0.9988568,0.0011432170867919922
21179461.GU.CARD..HH,1,0.99830204,0.0016979575157165527
21179461.IV.CRMI..HH,1,0.99679464,0.0032053589820861816
21179461.GU.EQUI..HH,1,0.98975575,0.010244250297546387
21179461.IV.FNVD..HH,1,0.99618214,0.0038178563117980957
21179461.GU.GSCL..HH,0,0.0040839524,0.004083952400833368
21179461.GU.MAIM..HH,1,0.9984717,0.001528322696685791
21179461.IV.MOCL..EH,0,0.00090457307,0.0009045730694197118
21179461.IV.PII..HH,1,0.9972972,0.002702772617340088
21179461.IV.PLMA..HH,1,0.9872905,0.012709498405456543
21179461.GU.POPM..HH,1,0.99297655,0.007023453712463379
21179461.IV.RUFI..EH,0,0.005654654,0.005654653999954462
21179461.IV.SEI..HH,0,0.0011708082,0.0011708082165569067
21179461.MN.VLC..HH,1,0.99840856,0.0015914440155029297
21179461.IV.ZCCA..HH,0,0.0040460997,0.004046099726110697
21196111.IV.CAFI..HH,0,0.0028701758,0.0028701757546514273
2122759.IV.BDI..HH,1,0.9947563,0.00524371862411499
2122759.MN.VLC..HH,1,0.9963673,0.0036327242851257324
21238541.IV.CASP..HH,1,0.99736357,0.002636432647705078
21238541.IV.CSNT..HH,1,0.9914373,0.008562684059143066
21238991.IV.MTCR..EH,1,0.9965775,0.0034224987030029297
21245041.GU.GSCL..HH,1,0.9974135,0.0025864839553833008
2128089.IV.BDI..HH,1,0.0034731785,0.9965268215164542
2128089.IV.ZCCA..HH,1,0.99840295,0.0015970468521118164
2128511.GU.GRAM..HH,1,0.9891031,0.010896921157836914
2128511.IV.PRMA..HH,0,0.0032285065,0.003228506539016962
21306411.IV.BRIS..HH,1,0.997524,0.0024759769439697266
21306411.IV.FNVD..HH,1,0.9915576,0.008442401885986328
21306411.IV.LMD..HH,1,0.99106795,0.008932054042816162
21306411.IV.MTRZ..HH,0,0.00757859,0.007578589953482151
21306411.IV.SEI..HH,1,0.9950744,0.0049256086349487305
21306411.IV.SFI..EH,1,0.99758834,0.00241166353225708
2131489.IV.FIU..EH,0,0.0019246881,0.0019246881129220128
2131489.IV.RAVA..EH,0,0.0014761736,0.0014761736383661628
2131489.IV.ZCCA..HH,1,0.9968223,0.0031777024269104004
2131941.IV.CAVE..HH,1,0.9978074,0.0021926164627075195
2135971.IV.CAFI..HH,0,0.008959467,0.008959466591477394
2135971.IV.MTCR..EH,1,0.996373,0.003627002239227295
2135971.IV.MTRZ..HH,1,0.99852234,0.001477658748626709
2135971.GU.POPM..HH,1,0.99785936,0.002140641212463379
2135971.GU.SARM..HH,1,0.9968468,0.003153204917907715
2135971.MN.VLC..HH,1,0.99659324,0.0034067630767822266
2135971.IV.ZCCA..HH,1,0.9978675,0.0021324753761291504
2137329.IV.ERBM..EH,1,0.9975466,0.0024533867835998535
2137649.IV.BDI..HH,1,0.9980838,0.0019162297248840332
2137649.IV.ERBM..EH,1,0.9974422,0.002557814121246338
2137649.MN.VLC..HH,1,0.99671936,0.0032806396484375
2137749.IV.ASQU..HH,1,0.9968892,0.003110826015472412
21379151.IV.BDI..HH,1,0.9911908,0.008809208869934082
21379151.GU.EQUI..HH,0,0.007755639,0.007755639031529427
21379151.IV.PII..HH,1,0.9944313,0.00556868314743042
21379701.GU.EQUI..HH,0,0.030049698,0.030049698427319527
2138199.MN.VLC..HH,0,0.0009689143,0.000968914304394275
2138229.MN.VLC..HH,0,0.0016251699,0.0016251698834821582
2138269.IV.ERBM..EH,1,0.9986209,0.0013790726661682129
2138269.MN.VLC..HH,0,0.002078733,0.002078732941299677
2138279.IV.ERBM..EH,1,0.99571484,0.004285156726837158
2138279.MN.VLC..HH,0,0.004166414,0.004166414029896259
2138349.IV.BDI..HH,1,0.99685335,0.003146648406982422
2138349.IV.ERBM..EH,1,0.9955848,0.0044152140617370605
2138349.MN.VLC..HH,0,0.010829998,0.010829998180270195
2138399.MN.VLC..HH,0,0.002381868,0.0023818679619580507
2138509.IV.BDI..HH,1,0.9978498,0.0021501779556274414
2138579.MN.VLC..HH,0,0.002329236,0.0023292358964681625
2138589.MN.VLC..HH,1,0.9967057,0.0032942891120910645
2138661.IV.BDI..HH,0,0.0016240575,0.0016240575350821018
2138661.IV.ERBM..EH,1,0.99886763,0.001132369041442871
2138661.GU.FINB..HH,0,0.0060666646,0.0060666645877063274
2138661.GU.GRAM..HH,1,0.9976236,0.002376377582550049
2138661.GU.SARM..HH,0,0.0034829509,0.0034829508513212204
2138661.MN.VLC..HH,0,0.0032893806,0.0032893805764615536
2138709.IV.ERBM..EH,0,0.00507551,0.005075510125607252
2138709.MN.VLC..HH,1,0.99732363,0.00267636775970459
2139319.IV.ERBM..EH,1,0.99643713,0.0035628676414489746
2139319.MN.VLC..HH,1,0.99557537,0.004424631595611572
21404131.GU.GSCL..HH,1,0.99877155,0.0012284517288208008
21404131.IV.MOCL..EH,0,0.030039815,0.030039815232157707
21404131.IV.MTCR..EH,1,0.99710727,0.002892732620239258
21404131.MN.VLC..HH,1,0.9982739,0.0017260909080505371
21404131.IV.ZCCA..HH,1,0.9981337,0.0018662810325622559
21404571.IV.CASP..HH,1,0.96654,0.033460021018981934
2140789.IV.CRE..HH,1,0.9963138,0.003686189651489258
2140789.IV.SFI..EH,1,0.99754536,0.0024546384811401367
21424801.GU.CARD..HH,1,0.99853826,0.0014617443084716797
21424801.IV.PII..HH,1,0.9962299,0.003770112991333008
21425001.IV.ARCI..HH,1,0.9970024,0.00299757719039917
21425001.IV.OSSC..HH,1,0.99870324,0.0012967586517333984
21425191.IV.MPPT..EH,1,0.99128497,0.008715033531188965
21425191.IV.OSSC..HH,1,0.9937164,0.006283581256866455
21425291.IV.OSSC..HH,0,0.0047719833,0.004771983250975609
21429191.IV.ARCI..HH,0,0.003196987,0.0031969870906323195
2143429.IV.PRMA..HH,1,0.9982382,0.001761794090270996
21437231.IV.BOB..HH,1,0.99666816,0.0033318400382995605
21437231.GU.GORR..HH,1,0.99790543,0.002094566822052002
21437231.GU.GRAM..HH,1,0.9954636,0.00453639030456543
2145089.IV.PRMA..HH,0,0.007892641,0.007892641238868237
21453841.IV.ASQU..HH,1,0.9981635,0.0018364787101745605
21453841.IV.BRIS..HH,1,0.99843144,0.0015685558319091797
21453841.IV.LMD..HH,1,0.99475235,0.005247652530670166
21453841.IV.MPPT..EH,1,0.9953157,0.004684329032897949
21453841.IV.SEI..HH,1,0.9985058,0.0014942288398742676
21453841.IV.SFI..EH,1,0.9985499,0.0014501214027404785
2145901.IV.ARCI..HH,0,0.0066683157,0.00666831573471427
2145901.IV.BDI..HH,0,0.0028491227,0.002849122742190957
2145901.IV.CASP..HH,0,0.0018002928,0.0018002927536144853
2145901.IV.CSNT..HH,0,0.031575263,0.03157526254653931
2145901.IV.ERBM..EH,1,0.9967536,0.0032464265823364258
2145901.GU.MAIM..HH,0,0.0011423213,0.001142321270890534
2145901.IV.MTCR..EH,1,0.99469584,0.005304157733917236
2145901.IV.NOVE..EH,0,0.01631331,0.016313310712575912
2145901.GU.POPM..HH,1,0.99847794,0.001522064208984375
2145901.GU.SARM..HH,0,0.0014753459,0.0014753459254279733
2145901.IV.ZCCA..HH,1,0.9985068,0.001493215560913086
2145941.IV.BDI..HH,0,0.0031505723,0.0031505723018199205
2145941.GU.SARM..HH,0,0.0023671282,0.002367128152400255
2145941.IV.ZCCA..HH,1,0.9977886,0.0022113919258117676
2146081.IV.ERBM..EH,1,0.9968243,0.003175675868988037
2146081.GU.SARM..HH,0,0.015128158,0.015128158032894135
2146081.IV.ZCCA..HH,1,0.9989288,0.0010712146759033203
2146141.IV.BDI..HH,0,0.0032238972,0.0032238971907645464
2146141.IV.ZCCA..HH,1,0.9988048,0.0011951923370361328
2146321.IV.BDI..HH,0,0.0027070697,0.0027070697396993637
2146321.GU.SARM..HH,0,0.0024944537,0.0024944536853581667
2146321.IV.ZCCA..HH,1,0.9988704,0.0011296272277832031
2146921.IV.BDI..HH,0,0.0026633688,0.0026633688248693943
2146921.IV.MSSA..HH,0,0.002283696,0.002283696085214615
2146921.GU.SARM..HH,0,0.0025417518,0.0025417518336325884
2146921.IV.ZCCA..HH,1,0.9983491,0.0016509294509887695
21487721.IV.BRIS..HH,1,0.9967316,0.003268420696258545
21487721.IV.PIEI..HH,0,0.017212026,0.017212025821208954
21487721.IV.RUFI..EH,1,0.99781185,0.0021881461143493652
21487721.IV.SFI..EH,1,0.9975915,0.0024085044860839844
21489701.IV.PLMA..HH,1,0.9974044,0.0025956034660339355
2149821.GU.GRAM..HH,1,0.9983552,0.0016447901725769043
21501521.IV.LMD..HH,0,0.0043720026,0.004372002556920052
21501521.IV.RUFI..EH,1,0.99484414,0.0051558613777160645
21501521.IV.SFI..EH,1,0.99731797,0.002682030200958252
2151041.IV.ZCCA..HH,1,0.99573857,0.004261434078216553
2151711.IV.ERBM..EH,1,0.99796826,0.0020317435264587402
2151711.IV.FNVD..HH,0,0.0021982684,0.002198268426582217
2151711.GU.GRAM..HH,1,0.9897384,0.010261595249176025
2151711.GU.MAIM..HH,1,0.9973995,0.0026004910469055176
2151711.GU.POPM..HH,0,0.015590789,0.015590788796544075
2151711.IV.PRMA..HH,1,0.96757007,0.03242993354797363
2151711.GU.SARM..HH,0,0.017158406,0.017158405855298042
2151711.MN.VLC..HH,0,0.003667186,0.003667186014354229
2152211.IV.MSSA..HH,1,0.9967422,0.0032578110694885254
2152211.MN.VLC..HH,1,0.99808776,0.001912236213684082
21533531.IV.BRIS..HH,1,0.99517703,0.004822969436645508
2153701.IV.ERBM..EH,1,0.99758637,0.002413630485534668
2153701.GU.GRAM..HH,1,0.99876946,0.0012305378913879395
2153751.IV.BDI..HH,1,0.9981912,0.0018088221549987793
2153751.IV.BOB..HH,1,0.9966667,0.00333327054977417
2153751.GU.CARD..HH,1,0.9972176,0.0027824044227600098
2153751.IV.ERBM..EH,1,0.9947237,0.005276322364807129
2153751.IV.FNVD..HH,1,0.9974672,0.002532780170440674
2153751.GU.GRAM..HH,1,0.78442687,0.21557313203811646
2153751.IV.IMI..HH,0,0.0056826943,0.005682694260030985
2153751.SI.KOSI..HH,1,0.99766874,0.002331256866455078
2153751.SI.LUSI..HH,1,0.9975348,0.002465188503265381
2153751.IV.MABI..HH,1,0.9894167,0.010583281517028809
2153751.IV.MAGA..HH,1,0.996183,0.0038170218467712402
2153751.GU.MAIM..HH,1,0.99786276,0.0021372437477111816
2153751.IV.MSSA..HH,1,0.99687874,0.0031212568283081055
2153751.IV.NOVE..EH,1,0.9830769,0.016923129558563232
2153751.GU.POPM..HH,1,0.9981553,0.0018447041511535645
2153751.IV.PRMA..HH,1,0.91479075,0.08520925045013428
2153751.GU.SARM..HH,1,0.84743047,0.15256953239440918
2153751.IV.TEOL..HH,1,0.9938815,0.006118476390838623
2153751.MN.VLC..HH,0,0.015473821,0.015473821200430393
2153911.IV.BDI..HH,1,0.99801093,0.0019890666007995605
2153911.IV.BOB..HH,1,0.9974464,0.002553582191467285
2153911.GU.CARD..HH,1,0.98152727,0.018472731113433838
2153911.IV.ERBM..EH,1,0.99837697,0.0016230344772338867
2153911.IV.FNVD..HH,1,0.993493,0.006506979465484619
2153911.GU.GRAM..HH,1,0.9982366,0.0017634034156799316
2153911.GU.MAIM..HH,1,0.99813014,0.0018698573112487793
2153911.IV.MSSA..HH,1,0.998398,0.0016019940376281738
2153911.GU.POPM..HH,1,0.9977172,0.0022827982902526855
2153911.GU.SARM..HH,1,0.99869686,0.0013031363487243652
2153911.MN.VLC..HH,1,0.9983946,0.001605391502380371
2154311.IV.ERBM..EH,1,0.9980669,0.0019330978393554688
2154311.GU.GRAM..HH,1,0.99830765,0.001692354679107666
2154311.GU.SARM..HH,0,0.00370347,0.0037034701090306044
2154311.MN.VLC..HH,1,0.99701333,0.0029866695404052734
2154691.IV.ERBM..EH,1,0.9981186,0.001881420612335205
2155031.IV.ERBM..EH,1,0.996361,0.0036389827728271484
2155031.GU.GRAM..HH,1,0.99697405,0.003025949001312256
2155031.GU.SARM..HH,0,0.0044322247,0.004432224668562412
2156191.IV.BDI..HH,1,0.9953969,0.004603087902069092
2156191.IV.BOB..HH,1,0.99804574,0.0019542574882507324
2156191.IV.CSNT..HH,0,0.022645598,0.022645598277449608
2156191.IV.ERBM..EH,1,0.9961483,0.0038517117500305176
2156191.GU.GORR..HH,1,0.9960984,0.0039016008377075195
2156191.GU.GRAM..HH,1,0.99788076,0.0021192431449890137
2156191.SI.LUSI..HH,1,0.9891411,0.010858893394470215
2156191.IV.MAGA..HH,1,0.856922,0.1430780291557312
2156191.GU.MAIM..HH,1,0.9975969,0.002403080463409424
2156191.IV.MTCR..EH,0,0.0025927508,0.0025927508249878883
2156191.IV.PRMA..HH,1,0.89486784,0.10513216257095337
2156191.GU.SARM..HH,1,0.99696594,0.003034055233001709
2156191.MN.VLC..HH,1,0.99748725,0.0025127530097961426
21566071.IV.BDI..HH,1,0.9988966,0.0011034011840820312
21566071.IV.CRMI..HH,1,0.9946035,0.005396485328674316
21566071.GU.GRAM..HH,1,0.99738294,0.002617061138153076
21566071.GU.GSCL..HH,1,0.99811673,0.0018832683563232422
21566071.IV.MPPT..EH,1,0.99614906,0.0038509368896484375
21566071.IV.PII..HH,1,0.98748916,0.012510836124420166
21566071.IV.PLMA..HH,1,0.99810416,0.0018958449363708496
21566071.GU.POPM..HH,1,0.9963888,0.0036112070083618164
21566071.GU.SARM..EH,1,0.9977494,0.0022506117820739746
21566071.MN.VLC..HH,1,0.9986679,0.001332104206085205
2156751.IV.BOB..HH,1,0.97201836,0.02798163890838623
2156751.IV.ERBM..EH,1,0.9975605,0.0024394989013671875
2156751.IV.FNVD..HH,0,0.052636296,0.052636295557022095
2156751.GU.GRAM..HH,1,0.9958422,0.0041577816009521484
2156751.GU.MAIM..HH,1,0.9950771,0.004922926425933838
2156751.IV.RUFI..EH,0,0.002366644,0.002366644097492099
2156751.GU.SARM..HH,0,0.004357437,0.004357437137514353
2157381.IV.BDI..HH,0,0.0024886217,0.0024886217433959246
2157381.IV.BOB..HH,1,0.9969189,0.003081083297729492
2157381.IV.ERBM..EH,0,0.008927253,0.00892725307494402
2157381.GU.SARM..HH,0,0.0032020786,0.0032020786311477423
2157381.MN.VLC..HH,0,0.005165768,0.005165767855942249
21578281.IV.CSNT..HH,1,0.9938945,0.006105482578277588
21578281.IV.RUFI..EH,1,0.9985206,0.0014793872833251953
21578281.IV.SEI..HH,0,0.009357994,0.009357994422316551
2158371.IV.ERBM..EH,1,0.9971969,0.0028030872344970703
2158371.GU.MAIM..HH,1,0.9942001,0.00579988956451416
2158371.GU.POPM..HH,0,0.0058948095,0.005894809495657682
2158371.MN.VLC..HH,1,0.9941466,0.005853414535522461
2158891.IV.ERBM..EH,1,0.9977787,0.0022212862968444824
2158891.MN.VLC..HH,1,0.9982113,0.0017886757850646973
2158981.IV.MSSA..HH,1,0.9956463,0.004353702068328857
2159211.GU.CARD..HH,0,0.031213423,0.03121342323720455
2159211.GU.GRAM..HH,1,0.99481595,0.005184054374694824
2159211.GU.POPM..HH,0,0.17395338,0.17395338416099548
2159791.GU.GRAM..HH,1,0.99813545,0.0018645524978637695
2159791.GU.SARM..HH,0,0.0023864806,0.0023864805698394775
2159791.MN.VLC..HH,0,0.0042842054,0.0042842053808271885
2159871.IV.ERBM..EH,1,0.99842376,0.001576244831085205
2159871.GU.GRAM..HH,1,0.9966694,0.0033305883407592773
2159871.GU.SARM..HH,1,0.9983917,0.0016083121299743652
2159871.MN.VLC..HH,1,0.99771744,0.002282559871673584
21608631.IV.BDI..HH,1,0.9976338,0.002366185188293457
21608631.IV.MPPT..EH,1,0.07840944,0.9215905591845512
21608631.GU.POPM..HH,1,0.9953992,0.004600822925567627
2161071.IV.ERBM..EH,1,0.9972133,0.002786695957183838
2161071.GU.GRAM..HH,1,0.998247,0.0017529726028442383
2161071.GU.SARM..HH,1,0.9924444,0.007555603981018066
2161071.MN.VLC..HH,1,0.99772835,0.0022716522216796875
2161631.IV.ERBM..EH,1,0.9983165,0.0016834735870361328
2161631.GU.GRAM..HH,1,0.99880433,0.001195669174194336
2161631.GU.SARM..HH,0,0.0029503033,0.0029503032565116882
2161631.MN.VLC..HH,0,0.0027217423,0.0027217422612011433
2161771.IV.ERBM..EH,1,0.9982412,0.0017588138580322266
2161771.GU.SARM..HH,0,0.0023074183,0.002307418268173933
2161771.MN.VLC..HH,0,0.0031191143,0.0031191143207252026
2162561.GU.SARM..HH,0,0.0031992507,0.0031992506701499224
2162771.IV.ERBM..EH,1,0.9976513,0.0023487210273742676
2162771.GU.GRAM..HH,1,0.9980601,0.0019398927688598633
2163211.IV.BDI..HH,0,0.0053195576,0.005319557618349791
2165489.IV.ZCCA..HH,0,0.004261989,0.0042619891464710236
2165631.GU.GORR..HH,0,0.0064451923,0.006445192266255617
2165631.GU.GRAM..HH,1,0.9976216,0.002378404140472412
2165631.GU.SARM..HH,0,0.008526806,0.00852680578827858
2165631.MN.VLC..HH,0,0.007525941,0.007525940891355276
2165761.GU.SARM..HH,0,0.0031721476,0.0031721475534141064
2165791.IV.BDI..HH,0,0.012816755,0.01281675510108471
2165791.GU.CARD..HH,0,0.0431118,0.04311180114746094
2165791.IV.ERBM..EH,1,0.9968387,0.003161311149597168
2165791.GU.GRAM..HH,1,0.999054,0.0009459853172302246
2165791.GU.POPM..HH,0,0.039608225,0.03960822522640228
2165791.GU.SARM..HH,0,0.019625176,0.01962517574429512
2165791.MN.VLC..HH,0,0.0016913434,0.0016913433792069554
2166051.IV.BDI..HH,1,0.9974829,0.002517104148864746
2166051.GU.SARM..HH,0,0.0020304343,0.0020304343197494745
2166121.GU.SARM..HH,0,0.0010338943,0.0010338942520320415
2166221.IV.BDI..HH,1,0.9987036,0.001296401023864746
2166221.GU.CARD..HH,1,0.998502,0.0014979839324951172
2166221.GU.GRAM..HH,1,0.9979846,0.002015411853790283
2166221.GU.MAIM..HH,1,0.9971673,0.0028327107429504395
2166221.GU.SARM..HH,1,0.99745107,0.0025489330291748047
2166221.MN.VLC..HH,1,0.99845076,0.0015492439270019531
2166491.IV.ERBM..EH,1,0.99781257,0.0021874308586120605
2166491.GU.GRAM..HH,1,0.99803394,0.0019660592079162598
2166491.GU.POPM..HH,1,0.99672073,0.003279268741607666
2166491.GU.SARM..HH,0,0.0026455075,0.0026455074548721313
2166491.MN.VLC..HH,0,0.0061968244,0.0061968243680894375
2167171.IV.ERBM..EH,1,0.99813926,0.0018607378005981445
2167171.GU.SARM..HH,1,0.9987804,0.0012195706367492676
21678401.IV.PLMA..HH,0,0.011635243,0.011635242961347103
21678401.GU.SARM..EH,1,0.36213782,0.6378621757030487
21678401.MN.VLC..HH,1,0.9968932,0.0031067728996276855
2167991.IV.BDI..HH,0,0.0051961103,0.005196110345423222
2167991.IV.ERBM..EH,0,0.0047878427,0.004787842743098736
2167991.GU.GRAM..HH,1,0.99835724,0.001642763614654541
2167991.GU.POPM..HH,0,0.022524184,0.022524183616042137
2167991.MN.VLC..HH,0,0.0016430714,0.0016430714167654514
2168441.IV.ERBM..EH,1,0.9980936,0.0019063949584960938
2168441.GU.GRAM..HH,1,0.99805737,0.0019426345825195312
2168621.IV.MTCR..EH,1,0.99826294,0.001737058162689209
2169041.IV.ERBM..EH,1,0.9968856,0.0031144022941589355
2169041.GU.SARM..HH,0,0.002059893,0.0020598929841071367
2169041.MN.VLC..HH,0,0.0011110594,0.0011110594496130943
2169121.MN.VLC..HH,0,0.0014749715,0.0014749715337529778
2169439.MN.VLC..HH,1,0.99845594,0.0015440583229064941
2170371.GU.SARM..HH,0,0.0055468124,0.005546812433749437
2170371.MN.VLC..HH,0,0.004368892,0.004368891939520836
2170621.MN.VLC..HH,1,0.9972649,0.0027350783348083496
2171281.MN.VLC..HH,1,0.997758,0.0022420287132263184
2171681.MN.VLC..HH,0,0.0030167045,0.003016704460605979
2171801.GU.GRAM..HH,1,0.9959106,0.004089415073394775
2171801.GU.SARM..HH,0,0.003408832,0.003408832009881735
2171801.MN.VLC..HH,0,0.0039042132,0.003904213197529316
2172211.GU.GRAM..HH,1,0.9978708,0.002129197120666504
2172211.GU.SARM..HH,0,0.9852162,0.9852162003517151
2172211.MN.VLC..HH,1,0.99801004,0.0019899606704711914
2172391.GU.CARD..HH,1,0.9933096,0.006690382957458496
2172391.GU.GRAM..HH,1,0.9981788,0.0018212199211120605
2172391.GU.SARM..HH,1,0.99802715,0.0019728541374206543
2172391.MN.VLC..HH,1,0.9979182,0.0020818114280700684
2173091.IV.T0912..EH,1,0.9978856,0.002114415168762207
2174291.IV.ERBM..EH,1,0.9960363,0.0039637088775634766
2174291.GU.GRAM..HH,1,0.9976361,0.002363920211791992
2174291.GU.SARM..HH,1,0.99857926,0.001420736312866211
2174291.MN.VLC..HH,1,0.99669755,0.003302454948425293
2174391.GU.GRAM..HH,1,0.9979263,0.0020737051963806152
2174391.GU.SARM..HH,0,0.0016979923,0.001697992323897779
2174391.MN.VLC..HH,0,0.0018978287,0.0018978286534547806
21747741.IV.ZCCA..HH,1,0.9975443,0.0024557113647460938
2175089.MN.VLC..HH,1,0.997551,0.0024489760398864746
2177191.GU.GRAM..HH,1,0.9987899,0.0012100934982299805
2178081.MN.VLC..HH,0,0.002672438,0.002672438044101
2179111.IV.T0911..EH,1,0.9981003,0.00189971923828125
2180401.GU.SARM..HH,1,0.9975574,0.002442598342895508
2181149.GU.SC2M..HH,1,0.99885696,0.001143038272857666
2181341.IV.ARCI..HH,0,0.1009245,0.10092449933290482
2181341.IV.CAFI..HH,0,0.0021917296,0.002191729610785842
2181341.GU.CARD..HH,1,0.99812233,0.0018776655197143555
2181341.IV.CASP..HH,0,0.05009835,0.050098348408937454
2181341.GU.EQUI..HH,1,0.99822694,0.001773059368133545
2181341.IV.ERBM..EH,1,0.9948298,0.005170226097106934
2181341.IV.FNVD..HH,0,0.10404107,0.10404106974601746
2181341.IV.FROS..HH,0,0.018769749,0.018769748508930206
2181341.GU.GORR..HH,1,0.99737495,0.0026250481605529785
2181341.GU.GRAM..HH,1,0.9975189,0.00248110294342041
2181341.IV.IMI..HH,0,0.15938382,0.15938381850719452
2181341.SI.LUSI..HH,1,0.99383676,0.006163239479064941
2181341.IV.MAGA..HH,1,0.9927311,0.0072689056396484375
2181341.GU.MAIM..HH,1,0.9980592,0.0019407868385314941
2181341.IV.MGAB..HH,0,0.017351257,0.01735125668346882
2181341.IV.PRMA..HH,1,0.6205435,0.3794565200805664
2181341.IV.SACS..HH,0,0.0040446375,0.0040446375496685505
2181341.GU.SARM..HH,1,0.99641675,0.003583252429962158
2181341.IV.T0912..EH,1,0.99822974,0.0017702579498291016
2182121.IV.ERBM..EH,1,0.99696004,0.0030399560928344727
2182121.GU.SARM..HH,1,0.99772066,0.002279341220855713
2182121.IV.T0912..EH,1,0.9976813,0.0023186802864074707
2182261.GU.SARM..HH,0,0.001636008,0.001636008033528924
2182261.IV.T0911..EH,1,0.9976075,0.0023924708366394043
2182261.MN.VLC..HH,0,0.00077072135,0.0007707213517278433
2182601.MN.VLC..HH,1,0.9976167,0.002383291721343994
2183439.IV.ERBM..EH,0,0.03411865,0.0341186486184597
2183439.MN.VLC..HH,1,0.9980658,0.0019341707229614258
21834391.IV.CAVE..HH,1,0.9959041,0.004095911979675293
2183731.GU.EQUI..HH,1,0.99524355,0.004756450653076172
2183731.GU.SARM..HH,1,0.99319667,0.006803333759307861
2183731.MN.VLC..HH,1,0.99800116,0.0019988417625427246
2184461.IV.ERBM..EH,0,0.003336569,0.0033365690615028143
2184461.GU.GRAM..HH,1,0.99720424,0.0027957558631896973
2184461.MN.VLC..HH,0,0.0062308367,0.006230836734175682
2184851.IV.ERBM..EH,1,0.9975839,0.002416074275970459
2184851.GU.SARM..HH,0,0.0055422774,0.005542277358472347
21848821.IV.ATPI..EH,1,0.99594104,0.004058957099914551
21848821.IV.BRIS..HH,0,0.42332423,0.42332422733306885
21848821.IV.CAFI..HH,0,0.016474215,0.01647421531379223
21848821.IV.CSNT..HH,1,0.9983894,0.00161057710647583
21848821.IV.FIU..EH,1,0.99808306,0.0019169449806213379
21848821.IV.FNVD..HH,1,0.9954616,0.004538416862487793
21848821.IV.IMOL..EH,1,0.99721265,0.002787351608276367
21848821.IV.MOCL..EH,0,0.012222661,0.012222660705447197
21848821.IV.MTCR..EH,1,0.9920344,0.007965624332427979
21848821.IV.MTRZ..HH,0,0.0020680241,0.002068024128675461
21848821.IV.OSSC..HH,1,0.99795544,0.0020445585250854492
21848821.IV.PARC..HH,1,0.9887441,0.011255919933319092
21848821.GU.POPM..HH,1,0.99604136,0.003958642482757568
21848821.IV.RUFI..EH,1,0.99790204,0.0020979642868041992
21848821.IV.ZCCA..HH,0,0.002260045,0.002260044915601611
2185101.IV.ERBM..EH,1,0.9979304,0.0020695924758911133
2185101.GU.GRAM..HH,1,0.9982959,0.001704096794128418
2185101.GU.SARM..HH,0,0.0057241456,0.005724145565181971
2185101.IV.T0911..EH,1,0.99905485,0.0009451508522033691
2185171.GU.GRAM..HH,1,0.998585,0.0014150142669677734
2185171.GU.SARM..HH,0,0.003653191,0.003653191030025482
2185171.IV.T0911..EH,1,0.9981356,0.0018643736839294434
2185321.IV.BDI..HH,1,0.99549633,0.00450366735458374
2185321.GU.CARD..HH,1,0.99769825,0.0023017525672912598
2185321.IV.ERBM..EH,1,0.9986032,0.001396775245666504
2185321.GU.GRAM..HH,1,0.99849975,0.001500248908996582
2185321.IV.T0911..EH,1,0.9952649,0.004735112190246582
2185321.MN.VLC..HH,1,0.9972792,0.002720773220062256
21860691.IV.CSNT..HH,0,0.05541459,0.0554145909845829
2186571.IV.ERBM..EH,1,0.9985015,0.0014985203742980957
2186571.GU.GRAM..HH,1,0.99750674,0.00249326229095459
2186571.GU.SARM..HH,1,0.99771184,0.0022881627082824707
2186571.IV.T0911..EH,1,0.9968508,0.0031492114067077637
2186571.MN.VLC..HH,0,0.028677948,0.02867794781923294
2186829.IV.ERBM..EH,0,0.0028750068,0.0028750067576766014
21868471.IV.PII..HH,0,0.0021921832,0.0021921831648796797
21868471.GU.SARM..EH,1,0.99831164,0.0016883611679077148
2187351.IV.ERBM..EH,1,0.99830127,0.0016987323760986328
2187351.GU.GRAM..HH,1,0.99774283,0.0022571682929992676
2187351.GU.SARM..HH,1,0.9990035,0.0009964704513549805
2187351.IV.T0911..EH,1,0.99864185,0.0013581514358520508
2187351.MN.VLC..HH,1,0.99836934,0.0016306638717651367
2187679.IV.CAFI..HH,0,0.0031918245,0.003191824536770582
2187679.IV.CRMI..HH,0,0.001319695,0.0013196950312703848
2187679.IV.CSNT..HH,0,0.0020839137,0.002083913655951619
2187679.IV.FAEN..HH,0,0.022650462,0.02265046164393425
2187679.IV.MTRZ..HH,0,0.0024306076,0.0024306075647473335
2187679.IV.SFI..EH,1,0.99869454,0.0013054609298706055
2188041.IV.BDI..HH,1,0.9983813,0.0016186833381652832
2188041.GU.CARD..HH,1,0.99644977,0.003550231456756592
2188041.GU.EQUI..HH,1,0.99652344,0.003476560115814209
2188041.IV.ERBM..EH,1,0.99820566,0.0017943382263183594
2188041.GU.GRAM..HH,1,0.99741995,0.0025800466537475586
2188041.GU.MAIM..HH,1,0.9966636,0.0033364295959472656
2188041.IV.MSSA..HH,1,0.9956886,0.00431138277053833
2188041.IV.MTCR..EH,0,0.0025682186,0.0025682186242192984
2188041.GU.SARM..HH,1,0.99829537,0.0017046332359313965
2188041.IV.T0911..EH,1,0.9987104,0.0012896060943603516
2188041.IV.T0912..EH,1,0.99715734,0.0028426647186279297
2188041.MN.VLC..HH,1,0.9988192,0.0011808276176452637
2188571.IV.ERBM..EH,1,0.99688387,0.003116130828857422
2188571.GU.GRAM..HH,1,0.99831223,0.001687765121459961
2188571.IV.T0911..EH,1,0.9910333,0.008966684341430664
2188571.MN.VLC..HH,1,0.9980621,0.0019379258155822754
21886341.GU.EQUI..HH,1,0.9980183,0.001981675624847412
21886341.GU.GBOS..HH,1,0.99607074,0.003929257392883301
21886341.GU.GRAM..HH,1,0.9980561,0.0019438862800598145
21886341.IV.IMI..HH,1,0.9881347,0.011865317821502686
21886341.IV.MSSA..HH,1,0.99868166,0.0013183355331420898
21886341.GU.PCP..HH,1,0.9946631,0.005336880683898926
21886341.IV.PII..HH,1,0.99725455,0.0027454495429992676
21886341.IV.PLMA..HH,1,0.9973546,0.0026453733444213867
21886341.IV.PRMA..HH,1,0.9954229,0.0045771002769470215
2190011.IV.ERBM..EH,1,0.99339247,0.006607532501220703
2190011.GU.SARM..HH,0,0.0015651688,0.0015651688445359468
2190011.IV.T0911..EH,1,0.99789596,0.002104043960571289
2190311.GU.GRAM..HH,1,0.99827975,0.0017202496528625488
2190311.MN.VLC..HH,1,0.99445146,0.005548536777496338
2191161.GU.EQUI..HH,1,0.9963312,0.0036687850952148438
2191161.IV.T0912..EH,1,0.99667364,0.0033263564109802246
2191689.MN.VLC..HH,1,0.98913264,0.01086735725402832
2191721.GU.GRAM..HH,0,0.09032016,0.0903201624751091
2191729.IV.ERBM..EH,1,0.9973554,0.0026445984840393066
2194481.GU.EQUI..HH,0,0.0029072145,0.002907214453443885
21963571.GU.GRAM..HH,0,0.0039334022,0.003933402244001627
2196921.GU.CARD..HH,0,0.94949186,0.9494918584823608
2196921.IV.ERBM..EH,1,0.996324,0.003675997257232666
2196921.GU.GRAM..HH,1,0.99753344,0.002466559410095215
2197031.IV.BDI..HH,1,0.23434104,0.7656589597463608
2199339.IV.MTRZ..HH,0,0.001917189,0.0019171889871358871
2199381.MN.VLC..HH,0,0.0031228736,0.003122873604297638
21994811.GU.CARD..HH,0,0.0020720598,0.0020720597822219133
21994811.IV.MPPT..EH,1,0.9975652,0.0024347901344299316
21994811.IV.MTCR..EH,1,0.99871975,0.0012802481651306152
21994811.GU.POPM..HH,1,0.99725485,0.0027451515197753906
2200109.IV.ASQU..HH,0,0.0029626428,0.002962642814964056
22011231.GU.GSCL..HH,0,0.0065927156,0.006592715624719858
2201561.IV.ERBM..EH,1,0.9982446,0.0017554163932800293
2201561.IV.T0911..EH,1,0.99780875,0.0021912455558776855
2201669.IV.CAFI..HH,1,0.9970146,0.0029854178428649902
2201669.IV.CASP..HH,1,0.99814385,0.0018561482429504395
2201669.IV.CRMI..HH,1,0.99644864,0.0035513639450073242
2201669.IV.CSNT..HH,1,0.9983338,0.0016661882400512695
2201669.IV.MAON..HH,1,0.9985834,0.001416623592376709
2202331.GU.GRAM..HH,1,0.9943608,0.005639195442199707
22023931.IV.CAFI..HH,1,0.99562186,0.004378139972686768
22023931.IV.OSSC..HH,0,0.025343021,0.025343021377921104
22023931.IV.PII..HH,1,0.9957112,0.004288792610168457
2202531.GU.GRAM..HH,1,0.996024,0.003975987434387207
2202621.MN.VLC..HH,0,0.0033376238,0.0033376237843185663
22032551.IV.MTCR..EH,0,0.028028991,0.02802899107336998
22032551.IV.RUFI..EH,0,0.011043918,0.011043918319046497
22032551.IV.SEI..HH,0,0.0019786356,0.0019786355551332235
2203491.IV.BDI..HH,0,0.0052912855,0.0052912854589521885
2203491.GU.EQUI..HH,1,0.9979725,0.0020275115966796875
2203491.IV.ERBM..EH,0,0.0043554744,0.004355474375188351
2203491.GU.GRAM..HH,1,0.9975993,0.002400696277618408
2203491.GU.POPM..HH,0,0.0035737134,0.003573713358491659
2203491.IV.T0911..EH,1,0.9984654,0.001534581184387207
2203491.MN.VLC..HH,0,0.0026300435,0.0026300435420125723
2203681.GU.EQUI..HH,1,0.99692345,0.0030765533447265625
2203681.IV.ERBM..EH,1,0.9980487,0.0019512772560119629
2203681.GU.GRAM..HH,1,0.9975176,0.0024824142456054688
2203681.IV.T0911..EH,1,0.9976609,0.0023391246795654297
2203681.IV.T0912..EH,1,0.9938967,0.0061032772064208984
2203681.MN.VLC..HH,0,0.010621418,0.010621418245136738
2203741.GU.GRAM..HH,1,0.9990266,0.0009734034538269043
2203741.IV.T0912..EH,1,0.99865717,0.0013428330421447754
2204351.IV.T0912..EH,1,0.9879319,0.012068092823028564
2204351.MN.VLC..HH,1,0.99751955,0.002480447292327881
2204881.GU.GRAM..HH,1,0.9973169,0.002683103084564209
2204881.IV.T0911..EH,1,0.99737936,0.0026206374168395996
2204881.MN.VLC..HH,1,0.9930209,0.006979107856750488
2205381.IV.T0912..EH,1,0.9972403,0.002759695053100586
22058271.IV.CSNT..HH,1,0.9971456,0.0028544068336486816
22058271.IV.OSSC..HH,0,0.004071473,0.004071473143994808
22058271.IV.RIBO..EH,1,0.9689866,0.031013429164886475
2206481.IV.ERBM..EH,1,0.99859744,0.0014025568962097168
2207201.GU.GRAM..HH,1,0.99834293,0.0016570687294006348
2207201.IV.PLMA..HH,1,0.99759436,0.0024056434631347656
2207201.IV.T0911..EH,1,0.99875706,0.0012429356575012207
22084621.IV.ASQU..HH,0,0.0031373536,0.0031373535748571157
22084621.IV.BDI..HH,0,0.0045058103,0.0045058103278279305
22084621.IV.BRIS..HH,0,0.0059403996,0.005940399598330259
22084621.IV.CRMI..HH,1,0.99802166,0.0019783377647399902
22084621.IV.FNVD..HH,0,0.0024504145,0.002450414467602968
22084621.IV.LMD..HH,0,0.0072430666,0.007243066560477018
22084621.IV.MTCR..EH,0,0.0029433167,0.0029433167073875666
22084621.IV.MTRZ..HH,1,0.99849015,0.00150984525680542
22084621.GU.POPM..HH,0,0.0031511262,0.003151126205921173
22084621.GU.SARM..EH,0,0.009218738,0.009218738414347172
22084621.IV.SFI..EH,0,0.002002339,0.0020023391116410494
2208831.IV.PLMA..HH,1,0.9980141,0.001985907554626465
2208961.GU.GRAM..HH,1,0.99864346,0.0013565421104431152
2208961.IV.T0911..EH,1,0.99729466,0.0027053356170654297
22090151.GU.EQUI..HH,0,0.017087176,0.0170871764421463
22090151.GU.GRAM..HH,1,0.99677086,0.0032291412353515625
22090151.IV.MSSA..HH,1,0.997469,0.002530992031097412
22100671.GU.CARD..HH,0,0.0012593247,0.0012593247229233384
22100671.IV.CRMI..HH,0,0.004009053,0.004009053111076355
22100671.IV.MTCR..EH,1,0.9969489,0.0030511021614074707
22100671.GU.POPM..HH,1,0.9984683,0.0015317201614379883
22100671.IV.SEI..HH,0,0.015817324,0.015817323699593544
22102251.GU.EQUI..HH,0,0.0031548087,0.0031548086553812027
22102251.GU.GRAM..HH,1,0.99802375,0.0019762516021728516
22102251.IV.MSSA..HH,1,0.9983993,0.0016006827354431152
22110341.IV.CRMI..HH,1,0.9946449,0.005355119705200195
2211561.IV.BDI..HH,0,0.012787233,0.012787233106791973
2211561.GU.EQUI..HH,1,0.9982893,0.0017107129096984863
2211561.IV.ERBM..EH,1,0.9970915,0.0029085278511047363
2211561.IV.FNVD..HH,0,0.037236497,0.037236496806144714
2211561.GU.GRAM..HH,1,0.9985301,0.0014699101448059082
2211561.IV.PLMA..HH,1,0.99860543,0.0013945698738098145
2211561.IV.T0911..EH,1,0.9987116,0.0012884140014648438
2211561.IV.T0912..EH,1,0.9979871,0.002012908458709717
22124351.GU.GORR..HH,0,0.0038479501,0.0038479501381516457
22124351.GU.GRAM..HH,1,0.9985308,0.0014691948890686035
22124351.GU.GSCL..HH,1,0.9826268,0.017373204231262207
22124351.IV.MSSA..HH,0,0.013420291,0.013420291244983673
22124351.IV.PRMA..HH,1,0.8780859,0.1219140887260437
22124501.IV.MPPT..EH,1,0.99648225,0.003517746925354004
22125031.IV.ASQU..HH,0,0.0031648052,0.0031648052390664816
22125031.IV.BDI..HH,0,0.005195166,0.0051951659843325615
22125031.IV.BRIS..HH,0,0.005125304,0.005125304218381643
22125031.IV.CRMI..HH,0,0.082377985,0.08237798511981964
22125031.IV.FNVD..HH,0,0.011729484,0.011729484423995018
22125031.GU.GSCL..HH,0,0.070735656,0.07073565572500229
22125031.IV.LMD..HH,0,0.013238404,0.01323840394616127
22125031.IV.MOCL..EH,1,0.996408,0.0035920143127441406
22125031.IV.MPPT..EH,0,0.0028180587,0.0028180587105453014
22125031.IV.MTCR..EH,0,0.002366151,0.00236615096218884
22125031.GU.POPM..HH,0,0.0035957936,0.0035957936197519302
22125031.IV.RUFI..EH,1,0.99725354,0.0027464628219604492
22125031.GU.SARM..EH,0,0.005051769,0.005051768850535154
22125031.IV.SEI..HH,1,0.99858844,0.0014115571975708008
22125031.IV.SFI..EH,0,0.0084972875,0.008497287519276142
2213291.IV.FROS..HH,0,0.0048283464,0.00482834642753005
2213321.IV.CSNT..HH,1,0.99905854,0.0009414553642272949
2213321.IV.FROS..HH,1,0.99785674,0.002143263816833496
2214811.GU.EQUI..HH,1,0.9913287,0.008671283721923828
2214901.IV.ERBM..EH,1,0.99827486,0.0017251372337341309
2214901.IV.PLMA..HH,1,0.9978301,0.0021699070930480957
2214901.IV.T0911..EH,1,0.9986334,0.0013666152954101562
2214901.MN.VLC..HH,0,0.0034762959,0.003476295853033662
22157411.GU.GSCL..HH,0,0.0028587622,0.002858762163668871
22157411.IV.ZCCA..HH,0,0.0025509365,0.0025509365368634462
2221379.IV.CAFI..HH,1,0.99711394,0.002886056900024414
2221379.IV.CSNT..HH,1,0.9965602,0.003439784049987793
2221379.IV.MCIV..HH,0,0.004830304,0.004830304067581892
2221379.IV.SASS..HH,0,0.004312325,0.004312324803322554
22231991.IV.CAFI..HH,1,0.99740607,0.0025939345359802246
22231991.IV.CSNT..HH,1,0.99903196,0.0009680390357971191
22235341.GU.GSCL..HH,1,0.99837196,0.0016280412673950195
22235341.IV.MOCL..EH,1,0.9908427,0.009157299995422363
22235341.GU.POPM..HH,1,0.9820366,0.017963409423828125
2223691.IV.ERBM..EH,1,0.9974184,0.0025815963745117188
2223691.GU.GRAM..HH,1,0.9978923,0.002107679843902588
22255881.IV.OSSC..HH,0,0.015856095,0.015856094658374786
22256561.IV.CSNT..HH,0,0.009739673,0.009739672765135765
22256561.IV.OSSC..HH,0,0.002131011,0.002131011104211211
22264261.IV.OSSC..HH,0,0.048480075,0.048480074852705
22273361.IV.BDI..HH,1,0.98256546,0.017434537410736084
22273361.GU.GSCL..HH,1,0.9858585,0.014141499996185303
22273361.IV.MOCL..EH,1,0.99703985,0.0029601454734802246
22273361.IV.MPPT..EH,0,0.011287122,0.011287122033536434
22273361.IV.MTCR..EH,1,0.99739087,0.0026091337203979492
22273361.IV.MTRZ..HH,1,0.9958455,0.004154503345489502
22273361.GU.POPM..HH,1,0.9969941,0.0030059218406677246
22273361.GU.SARM..EH,1,0.994688,0.005312025547027588
22273361.IV.ZCCA..HH,1,0.9980842,0.0019158124923706055
2228471.GU.GRAM..HH,1,0.9976243,0.0023757219314575195
2230111.IV.PLMA..HH,1,0.99842536,0.0015746355056762695
22304661.IV.LMD..HH,1,0.92495185,0.07504814863204956
22304661.IV.SEI..HH,1,0.99858856,0.00141143798828125
2230789.IV.ERBM..EH,1,0.998051,0.001949012279510498
2230789.IV.ZCCA..HH,0,0.0022463496,0.002246349584311247
22309641.IV.BOB..HH,0,0.006500638,0.006500638090074062
22309641.GU.GORR..HH,0,0.0028173751,0.0028173751197755337
22309641.GU.GRAM..HH,0,0.0027979068,0.0027979067526757717
22309641.ST.RONC..EH,1,0.99519855,0.004801452159881592
22315321.IV.PII..HH,1,0.99468875,0.005311250686645508
2232249.IV.CRMI..HH,0,0.007882264,0.007882264442741871
22323611.IV.ASQU..HH,1,0.9950201,0.004979908466339111
22323611.IV.LMD..HH,1,0.9993424,0.0006576180458068848
22323611.IV.SFI..EH,1,0.99504346,0.004956543445587158
22329241.IV.BOB..HH,1,0.9962026,0.0037974119186401367
22329241.GU.EQUI..HH,0,0.0019820228,0.0019820227753371
22329241.ST.GAGG..HH,0,0.009139087,0.009139087051153183
22329241.GU.GORR..HH,1,0.99807197,0.0019280314445495605
22329241.GU.GRAM..HH,0,0.003398729,0.003398729022592306
22329241.GU.GSCL..HH,1,0.995482,0.004517972469329834
22329241.IV.IMI..HH,1,0.9972753,0.0027247071266174316
22329241.SI.KOSI..HH,0,0.002854169,0.002854169113561511
22329241.GU.PCP..HH,1,0.9957302,0.004269778728485107
22329241.IV.PLMA..HH,0,0.0013724165,0.001372416503727436
22329241.IV.PRMA..HH,0,0.001439313,0.0014393130550161004
22329241.IV.RIBO..EH,0,0.9458569,0.9458569288253784
22329241.GU.RNCA..HH,1,0.99696624,0.003033757209777832
22329241.GU.SARM..EH,1,0.99698114,0.0030188560485839844
22329241.MN.TUE..HH,1,0.9976234,0.0023766160011291504
22329241.IV.ZCCA..HH,1,0.9903704,0.009629607200622559
2233311.IV.BDI..HH,0,0.0038822575,0.0038822575006633997
2233311.IV.BOB..HH,1,0.99812144,0.0018785595893859863
2233311.GU.EQUI..HH,1,0.9935218,0.0064781904220581055
2233311.IV.ERBM..EH,0,0.0031537758,0.003153775818645954
2233311.GU.GORR..HH,1,0.99622583,0.0037741661071777344
2233311.GU.GRAM..HH,1,0.9986629,0.0013371109962463379
2233311.IV.MSSA..HH,1,0.9972789,0.002721071243286133
2233311.IV.PLMA..HH,1,0.99866253,0.0013374686241149902
2233311.GU.POPM..HH,0,0.0020658092,0.0020658092107623816
2233311.IV.T0912..EH,1,0.9976303,0.002369701862335205
2233311.IV.TRIF..HH,1,0.98849875,0.0115012526512146
2233311.MN.VLC..HH,0,0.004863629,0.00486362911760807
2233759.IV.SASS..HH,0,0.001775656,0.0017756560118868947
22339581.IV.BDI..HH,1,0.9954469,0.004553079605102539
22339581.GU.POPM..HH,1,0.99878496,0.0012150406837463379
2234241.IV.BDI..HH,1,0.9980076,0.0019924044609069824
2234241.IV.BOB..HH,1,0.99502945,0.004970550537109375
2234241.GU.CARD..HH,1,0.9969732,0.0030267834663391113
2234241.IV.ERBM..EH,1,0.9987692,0.001230776309967041
2234241.GU.GRAM..HH,1,0.99780035,0.0021996498107910156
2234241.GU.MAIM..HH,1,0.9976202,0.002379775047302246
2234241.IV.MSSA..HH,1,0.9962464,0.0037536025047302246
2234241.IV.PLMA..HH,1,0.9980289,0.001971125602722168
2234241.IV.T0912..EH,1,0.99699324,0.00300675630569458
2234241.MN.VLC..HH,1,0.99851555,0.0014844536781311035
2234981.IV.T0912..EH,1,0.997711,0.002288997173309326
2235379.IV.ERBM..EH,0,0.0016348035,0.0016348034841939807
22356211.IV.BDI..HH,0,0.002842526,0.002842525951564312
22356211.GU.GRAM..HH,1,0.99565846,0.004341542720794678
22356211.IV.MSSA..HH,1,0.9983882,0.0016118288040161133
22356211.GU.RNCA..HH,1,0.9925901,0.007409870624542236
2236081.GU.EQUI..HH,1,0.99710596,0.0028940439224243164
2236081.IV.ERBM..EH,1,0.998762,0.0012379884719848633
2236081.GU.GRAM..HH,1,0.9985963,0.0014036893844604492
2236081.IV.PLMA..HH,1,0.99823284,0.0017671585083007812
2236081.IV.T0912..EH,0,0.0060262578,0.006026257760822773
2239141.GU.EQUI..HH,1,0.9984569,0.0015431046485900879
2239631.GU.GRAM..HH,1,0.9981823,0.0018177032470703125
22401661.IV.CAFI..HH,1,0.99641794,0.0035820603370666504
22401661.IV.CRMI..HH,0,0.01962391,0.019623909145593643
22401661.IV.CSNT..HH,1,0.9955212,0.004478812217712402
22401661.IV.MPPT..EH,0,0.013804735,0.01380473468452692
22401661.IV.OSSC..HH,1,0.99559236,0.004407644271850586
22401661.IV.PII..HH,1,0.6652271,0.33477288484573364
22402621.GU.GRAM..HH,0,0.00607631,0.006076309829950333
22402621.IV.MBAL..EH,1,0.9931476,0.006852388381958008
22402621.IV.PLMA..HH,1,0.9938755,0.0061244964599609375
22408201.IV.BDI..HH,1,0.9979412,0.0020588040351867676
22408201.GU.CARD..HH,1,0.99718857,0.002811431884765625
22408201.GU.EQUI..HH,1,0.99869454,0.0013054609298706055
22408201.GU.GORR..HH,1,0.9849277,0.015072286128997803
22408201.GU.GSCL..HH,1,0.99868757,0.0013124346733093262
22408201.IV.MOCL..EH,0,0.008346261,0.008346261456608772
22408201.IV.MPPT..EH,0,0.0028409464,0.002840946428477764
22408201.IV.MSSA..HH,1,0.98080575,0.01919424533843994
22408201.IV.PII..HH,0,0.0048722583,0.00487225828692317
22408201.IV.PLMA..HH,0,0.0026493764,0.0026493764016777277
22408201.GU.POPM..HH,1,0.99723655,0.0027634501457214355
22408201.GU.SARM..EH,1,0.99805987,0.0019401311874389648
22408201.MN.VLC..HH,1,0.99794704,0.0020529627799987793
22409231.IV.CRMI..HH,0,0.0050410475,0.005041047465056181
22409231.IV.LMD..HH,1,0.9741798,0.02582019567489624
22409231.IV.OSSC..HH,0,0.00215975,0.0021597500890493393
22409231.IV.RUFI..EH,1,0.99514776,0.004852235317230225
2241161.IV.ERBM..EH,1,0.9986978,0.001302182674407959
2241161.GU.GRAM..HH,1,0.9979086,0.0020914077758789062
2241161.MN.VLC..HH,0,0.0023891907,0.0023891907185316086
2241259.IV.CSNT..HH,1,0.9977936,0.0022063851356506348
2241649.IV.ERBM..EH,1,0.99779105,0.0022089481353759766
2241649.IV.MTRZ..HH,0,0.010982799,0.010982799343764782
22419061.IV.BDI..HH,1,0.9986106,0.0013893842697143555
22419061.GU.CARD..HH,1,0.9983071,0.0016928911209106445
22419061.IV.MOCL..EH,0,0.0026044445,0.0026044445112347603
22419061.GU.POPM..HH,1,0.9970546,0.002945423126220703
22419061.GU.SARM..EH,1,0.9978381,0.0021619200706481934
22419061.MN.VLC..HH,1,0.9964784,0.0035216212272644043
22419061.IV.ZCCA..HH,1,0.9982749,0.0017250776290893555
2241951.MN.VLC..HH,1,0.9986396,0.0013604164123535156
22430061.IV.BDI..HH,1,0.99357855,0.006421446800231934
22430061.GU.GSCL..HH,1,0.9957406,0.0042594075202941895
22430061.GU.SARM..EH,0,0.039002597,0.03900259733200073
22430061.IV.ZCCA..HH,0,0.0045430595,0.004543059505522251
2243071.IV.ASQU..HH,0,0.009322374,0.009322374127805233
2243071.IV.BDI..HH,1,0.9967391,0.0032609105110168457
2243071.IV.BOB..HH,1,0.997985,0.0020149946212768555
2243071.IV.CAFI..HH,0,0.0017730388,0.0017730387626215816
2243071.GU.CARD..HH,1,0.99866587,0.0013341307640075684
2243071.IV.CASP..HH,0,0.70821494,0.7082149386405945
2243071.IV.CDCA..EH,1,0.894467,0.10553300380706787
2243071.IV.CELB..HH,1,0.99721354,0.0027864575386047363
2243071.GU.EQUI..HH,1,0.9983063,0.0016937255859375
2243071.IV.ERBM..EH,1,0.99879676,0.0012032389640808105
2243071.GU.GORR..HH,1,0.9960201,0.003979921340942383
2243071.GU.GRAM..HH,1,0.99838823,0.0016117691993713379
2243071.IV.MABI..HH,1,0.99551046,0.004489541053771973
2243071.IV.MAGA..HH,1,0.995695,0.004305005073547363
2243071.GU.MAIM..HH,1,0.9965724,0.0034276247024536133
2243071.IV.MDI..HH,1,0.9961,0.003899991512298584
2243071.IV.MSSA..HH,1,0.9944433,0.005556702613830566
2243071.IV.MTCR..EH,0,0.003373552,0.0033735521137714386
2243071.GU.PCP..HH,0,0.006260059,0.006260058842599392
2243071.IV.PLMA..HH,1,0.9982961,0.0017039179801940918
2243071.GU.POPM..HH,0,0.047298905,0.04729890450835228
2243071.IV.PRMA..HH,1,0.99686766,0.003132343292236328
2243071.IV.ROVR..HH,1,0.99421906,0.005780935287475586
2243071.IV.SSP9..EH,1,0.988403,0.011596977710723877
2243071.IV.T0912..EH,1,0.99694973,0.0030502676963806152
2243071.IV.ZCCA..HH,0,0.0017056349,0.0017056348733603954
2243161.GU.GRAM..HH,1,0.99769,0.0023099780082702637
2243161.MN.VLC..HH,0,0.002470379,0.0024703789968043566
2243341.IV.BDI..HH,0,0.0073240646,0.007324064616113901
2243851.IV.BDI..HH,1,0.9927148,0.007285177707672119
2243851.IV.ERBM..EH,1,0.99501956,0.00498044490814209
2243851.GU.GRAM..HH,0,0.9669385,0.9669384956359863
2243851.IV.PLMA..HH,1,0.9981997,0.0018002986907958984
2243851.MN.VLC..HH,1,0.99669063,0.0033093690872192383
2244081.IV.ERBM..EH,1,0.9977802,0.0022197961807250977
2244081.GU.GRAM..HH,1,0.997726,0.0022739768028259277
2244081.MN.VLC..HH,0,0.0023646737,0.002364673651754856
2244551.IV.BDI..HH,0,0.0023352238,0.0023352238349616528
2244551.GU.CARD..HH,1,0.97310334,0.026896655559539795
2244551.MN.VLC..HH,0,0.0055822623,0.005582262296229601
2245021.GU.EQUI..HH,1,0.99443257,0.005567431449890137
2245021.IV.ERBM..EH,1,0.9957799,0.004220128059387207
2245021.MN.VLC..HH,1,0.9988042,0.0011957883834838867
2245909.IV.ERBM..EH,1,0.9985009,0.0014991164207458496
2246481.IV.ASQU..HH,1,0.9913454,0.008654594421386719
2246481.IV.BDI..HH,1,0.9982547,0.0017452836036682129
2246481.IV.CAFI..HH,1,0.9951561,0.00484389066696167
2246481.GU.CARD..HH,1,0.99733657,0.00266343355178833
2246481.IV.CRE..HH,0,0.0035992858,0.0035992858465760946
2246481.GU.EQUI..HH,1,0.9973521,0.002647876739501953
2246481.IV.ERBM..EH,1,0.99804324,0.001956760883331299
2246481.GU.FINB..HH,0,0.0074197957,0.0074197957292199135
2246481.IV.FNVD..HH,0,0.0024202287,0.002420228673145175
2246481.GU.GRAM..HH,1,0.9972808,0.0027192234992980957
2246481.GU.MAIM..HH,1,0.9981606,0.0018393993377685547
2246481.IV.MSSA..HH,1,0.99606365,0.003936350345611572
2246481.IV.PLMA..HH,0,0.0052846787,0.005284678656607866
2246481.IV.QLNO..HH,0,0.075874634,0.07587463408708572
2246481.IV.T0912..EH,1,0.99808407,0.0019159317016601562
2246481.MN.VLC..HH,1,0.9982954,0.001704573631286621
2247791.IV.ERBM..EH,1,0.9981021,0.0018978714942932129
2247791.GU.GRAM..HH,1,0.9985237,0.001476287841796875
2249051.IV.ERBM..EH,1,0.9952945,0.004705488681793213
2249051.GU.GRAM..HH,1,0.9969433,0.0030567049980163574
2249051.MN.VLC..HH,0,0.0018945634,0.0018945634365081787
2249161.IV.ERBM..EH,1,0.9971305,0.0028694868087768555
2249161.IV.PLMA..HH,1,0.9983663,0.0016337037086486816
22505591.GU.CARD..HH,1,0.99583787,0.004162132740020752
22505591.GU.GRAM..HH,0,0.0159046,0.01590459980070591
22505591.GU.GSCL..HH,1,0.9916606,0.008339405059814453
22505591.IV.MOCL..EH,1,0.987786,0.01221400499343872
22505591.IV.MPPT..EH,0,0.018497631,0.018497630953788757
22505591.IV.MTCR..EH,1,0.9986342,0.0013657808303833008
22505591.GU.POPM..HH,1,0.9972931,0.00270688533782959
22505591.GU.SARM..EH,1,0.99508566,0.004914343357086182
22505591.IV.SEI..HH,1,0.99068344,0.009316563606262207
22505591.MN.VLC..HH,1,0.98887223,0.011127769947052002
22505591.IV.ZCCA..HH,0,0.006083459,0.006083459127694368
22506541.GU.GRAM..HH,0,0.003182833,0.003182833082973957
22506541.GU.GSCL..HH,1,0.997058,0.002942025661468506
22506541.IV.MOCL..EH,1,0.9979437,0.002056300640106201
22506541.IV.MTCR..EH,1,0.9973948,0.0026051998138427734
22506541.GU.POPM..HH,1,0.9973717,0.002628326416015625
22506541.GU.SARM..EH,1,0.9981144,0.0018855929374694824
22506541.IV.SEI..HH,1,0.9543791,0.04562091827392578
22506541.MN.VLC..HH,1,0.9948783,0.005121707916259766
22506541.IV.ZCCA..HH,0,0.0041499,0.004149899818003178
22506731.GU.SARM..EH,1,0.99711746,0.002882540225982666
2251129.IV.BDI..HH,1,0.9977279,0.0022721290588378906
2251129.MN.VLC..HH,1,0.9975736,0.0024263858795166016
22519261.IV.MOCL..EH,1,0.9957605,0.004239499568939209
22519261.IV.MTCR..EH,1,0.99753016,0.0024698376655578613
22519261.GU.POPM..HH,1,0.9972148,0.002785205841064453
22519261.GU.SARM..EH,0,0.9983152,0.9983152151107788
22519261.MN.VLC..HH,1,0.99802625,0.001973748207092285
22521821.IV.MTCR..EH,0,0.005498982,0.005498982034623623
22521821.IV.ZCCA..HH,1,0.9977134,0.0022866129875183105
22533011.GU.GRAM..HH,0,0.002873278,0.0028732779901474714
22533011.GU.GSCL..HH,1,0.94200724,0.057992756366729736
22533011.IV.MTCR..EH,1,0.99282974,0.007170259952545166
22533011.GU.POPM..HH,1,0.9836103,0.01638972759246826
2253961.IV.BDI..HH,0,0.020198317,0.020198317244648933
2253961.GU.CARD..HH,0,0.039194595,0.03919459506869316
2253961.GU.GRAM..HH,1,0.99812967,0.0018703341484069824
2253961.IV.PLMA..HH,0,0.006307314,0.006307314150035381
2253961.IV.T0912..EH,0,0.0031054455,0.003105445532128215
2255601.IV.BDI..HH,1,0.9931391,0.006860911846160889
2255601.IV.MTCR..EH,1,0.99782383,0.0021761655807495117
2255601.IV.PLMA..HH,1,0.99821943,0.0017805695533752441
2255601.GU.POPM..HH,0,0.0029871033,0.0029871033038944006
2255601.MN.VLC..HH,1,0.99608153,0.003918468952178955
2256211.IV.ERBM..EH,1,0.99783206,0.002167940139770508
2256211.GU.GRAM..HH,1,0.9986141,0.0013859272003173828
2256211.MN.VLC..HH,0,0.0031295025,0.0031295025255531073
22563401.IV.CSNT..HH,1,0.9982789,0.0017210841178894043
22563401.IV.OSSC..HH,1,0.99737173,0.0026282668113708496
22563401.IV.PARC..HH,1,0.99566144,0.004338562488555908
22563401.IV.RUFI..EH,1,0.9987019,0.0012981295585632324
22563581.IV.ARCI..HH,1,0.99751043,0.0024895668029785156
22563581.IV.OSSC..HH,1,0.89204603,0.10795396566390991
22563581.IV.RUFI..EH,1,0.9983692,0.0016307830810546875
22564541.IV.CSNT..HH,1,0.98687714,0.013122856616973877
22564541.IV.OSSC..HH,1,0.98491204,0.01508796215057373
22564541.IV.RUFI..EH,1,0.9925064,0.00749361515045166
22567781.IV.CSNT..HH,1,0.9948441,0.00515592098236084
22567781.IV.OSSC..HH,1,0.9983781,0.0016219019889831543
2257281.IV.CAFI..HH,1,0.9986384,0.0013616085052490234
2257281.IV.FROS..HH,0,0.004854473,0.004854472819715738
2257281.IV.MCIV..HH,1,0.997468,0.0025320053100585938
2257281.IV.MGAB..HH,0,0.004950123,0.004950122907757759
22579661.IV.CSNT..HH,1,0.99624014,0.0037598609924316406
22579661.IV.OSSC..HH,1,0.9981254,0.0018746256828308105
2258951.GU.CARD..HH,0,0.001809703,0.0018097029533237219
2258951.GU.EQUI..HH,1,0.99540013,0.004599869251251221
2258951.IV.ERBM..EH,1,0.99837613,0.0016238689422607422
2258951.GU.GRAM..HH,1,0.9981235,0.0018764734268188477
2258951.GU.MAIM..HH,0,0.003119064,0.0031190640293061733
2258951.IV.MTCR..EH,0,0.016724689,0.016724688932299614
2258951.IV.PLMA..HH,1,0.99091357,0.009086430072784424
2258951.GU.POPM..HH,0,0.0029755982,0.0029755982104688883
2259691.IV.ERBM..EH,1,0.9980146,0.0019853711128234863
22607121.IV.PII..HH,1,0.996288,0.003711998462677002
22607121.IV.PLMA..HH,1,0.9984942,0.0015057921409606934
2261151.MN.VLC..HH,1,0.99491286,0.005087137222290039
2262641.IV.MTRZ..HH,1,0.99888355,0.0011164546012878418
22631131.GU.GSCL..HH,1,0.9975105,0.0024895071983337402
22631131.IV.ZCCA..HH,1,0.99784315,0.002156853675842285
22635331.GU.CARD..HH,1,0.9987827,0.0012173056602478027
22635331.GU.EQUI..HH,1,0.99850917,0.0014908313751220703
22635331.GU.GRAM..HH,1,0.99467033,0.0053296685218811035
22635331.GU.GSCL..HH,1,0.99748564,0.002514362335205078
22635331.GU.SARM..EH,1,0.9967918,0.0032082200050354004
22635331.MN.VLC..HH,1,0.99780583,0.0021941661834716797
22635331.IV.ZCCA..HH,1,0.996757,0.0032430291175842285
22645891.GU.GRAM..HH,1,0.9972501,0.002749919891357422
22645891.IV.PII..HH,0,0.006440419,0.0064404187723994255
22645891.IV.PLMA..HH,0,0.009107799,0.009107799269258976
22645891.GU.SARM..EH,0,0.01822138,0.018221380189061165
22646041.IV.CRMI..HH,1,0.99748564,0.002514362335205078
22646041.IV.CSNT..HH,1,0.997718,0.0022820234298706055
22646041.IV.LMD..HH,1,0.9962991,0.0037009119987487793
22646041.IV.OSSC..HH,1,0.9979391,0.0020608901977539062
22646041.IV.PARC..HH,1,0.99782157,0.0021784305572509766
22646041.IV.RUFI..EH,1,0.99875844,0.0012415647506713867
2267671.IV.T0911..EH,1,0.9983846,0.0016154050827026367
2267671.MN.VLC..HH,0,0.0013400454,0.0013400453608483076
2269019.MN.VLC..HH,0,0.0016082344,0.0016082343645393848
2269561.IV.ERBM..EH,1,0.99387985,0.006120145320892334
2269561.GU.GRAM..HH,1,0.9991161,0.0008838772773742676
2269561.IV.T0911..EH,1,0.9730187,0.02698129415512085
2269561.MN.VLC..HH,1,0.9974664,0.0025336146354675293
22700191.IV.BRIS..HH,1,0.9954321,0.004567921161651611
22700191.IV.MTRZ..HH,1,0.99848044,0.0015195608139038086
2275401.GU.EQUI..HH,1,0.99835813,0.0016418695449829102
2275401.GU.GRAM..HH,1,0.9979414,0.0020586252212524414
2275641.IV.T0911..EH,1,0.9984259,0.001574099063873291
2276051.IV.T0911..EH,1,0.9979886,0.002011418342590332
22768131.GU.GORR..HH,1,0.9715784,0.02842158079147339
22768131.IV.MSSA..HH,1,0.9926045,0.007395505905151367
22773251.IV.LMD..HH,1,0.9989242,0.0010758042335510254
22773251.IV.SEI..HH,1,0.99828964,0.001710355281829834
2277631.MN.VLC..HH,1,0.9982588,0.001741170883178711
2278451.GU.GORR..HH,1,0.9969757,0.003024280071258545
2278861.IV.CAVE..HH,1,0.995222,0.004778027534484863
2278861.IV.MAGA..HH,1,0.9961824,0.003817617893218994
2278861.IV.NOVE..EH,0,0.0042737015,0.004273701459169388
22803151.IV.BDI..HH,1,0.9984792,0.0015208125114440918
22803151.GU.CARD..HH,1,0.9978301,0.0021699070930480957
22803151.GU.GRAM..HH,1,0.99698293,0.0030170679092407227
22803151.GU.GSCL..HH,1,0.99868643,0.0013135671615600586
22803151.IV.PLMA..HH,1,0.99440867,0.005591332912445068
22803151.GU.POPM..HH,1,0.9957093,0.0042906999588012695
22803151.MN.VLC..HH,1,0.99408174,0.005918264389038086
22804681.IV.MPPT..EH,1,0.9949784,0.005021572113037109
2281811.GU.GRAM..HH,1,0.9869655,0.013034522533416748
2282001.GU.GRAM..HH,1,0.99698204,0.0030179619789123535
2282061.MN.VLC..HH,0,0.0016984474,0.0016984473913908005
2282361.IV.T0911..EH,1,0.99788177,0.002118229866027832
2282361.IV.T0912..EH,0,0.20040911,0.20040911436080933
2285341.IV.T0911..EH,1,0.9981366,0.0018634200096130371
22855201.IV.BDI..HH,1,0.9946106,0.005389392375946045
22855201.IV.BOB..HH,1,0.99802077,0.001979231834411621
22855201.GU.CANO..HH,1,0.9976029,0.0023971199989318848
22855201.GU.CARD..HH,1,0.9947489,0.005251109600067139
22855201.IV.CSNT..HH,1,0.99268186,0.00731813907623291
22855201.GU.ENR..HH,1,0.9950191,0.004980921745300293
22855201.GU.EQUI..HH,1,0.9988814,0.0011186003684997559
22855201.GU.GBOS..HH,1,0.9985523,0.0014476776123046875
22855201.GU.GORR..HH,1,0.99759287,0.0024071335792541504
22855201.GU.GRAM..HH,1,0.99847585,0.0015241503715515137
22855201.IV.IMI..HH,1,0.99744976,0.0025502443313598633
22855201.IV.MAGA..HH,1,0.7571244,0.2428755760192871
22855201.GU.MAIM..HH,0,0.0028531854,0.0028531854040920734
22855201.IV.MBAL..EH,1,0.64815307,0.35184693336486816
22855201.IV.MDI..HH,0,0.025098735,0.025098735466599464
22855201.GU.PCP..HH,1,0.9983853,0.001614689826965332
22855201.IV.PII..HH,1,0.9980862,0.0019137859344482422
22855201.IV.PLMA..HH,1,0.99564004,0.0043599605560302734
22855201.IV.PRMA..HH,1,0.9911775,0.008822500705718994
22855201.IV.QLNO..HH,1,0.9983278,0.001672208309173584
22855201.GU.REMY..HH,0,0.0047656554,0.004765655379742384
22855201.IV.RIBO..EH,1,0.032675903,0.9673240967094898
22855201.GU.RNCA..HH,1,0.99694985,0.0030501484870910645
22855201.GU.RORO..HH,0,0.0065483325,0.006548332516103983
22855201.GU.STV..HH,1,0.9976173,0.0023826956748962402
22855201.GU.TRAV..HH,0,0.0031219118,0.003121911780908704
22855201.MN.TUE..HH,1,0.99765337,0.002346634864807129
22855201.MN.VLC..HH,1,0.99637777,0.0036222338676452637
22855201.IV.ZONE..HH,1,0.99529886,0.004701137542724609
22855331.IV.CRMI..HH,1,0.9985542,0.001445770263671875
22855331.IV.OSSC..HH,1,0.9984659,0.001534104347229004
22855331.IV.PII..HH,1,0.99722904,0.0027709603309631348
22855401.IV.CSNT..HH,1,0.99749243,0.0025075674057006836
2286011.GU.EQUI..HH,1,0.9980675,0.0019325017929077148
22861481.GU.CARD..HH,1,0.9984526,0.001547396183013916
22861481.GU.POPM..HH,1,0.9970879,0.0029121041297912598
2286531.IV.BDI..HH,0,0.003245473,0.0032454729080200195
2286531.GU.CARD..HH,1,0.9914974,0.008502602577209473
2286531.GU.GRAM..HH,1,0.9977335,0.002266526222229004
2286531.IV.PLMA..HH,1,0.99808896,0.0019110441207885742
2286531.IV.T0911..EH,1,0.9983008,0.001699209213256836
2286531.MN.VLC..HH,0,0.0038481713,0.003848171327263117
2286801.IV.BDI..HH,0,0.0024355762,0.002435576170682907
2286801.GU.GRAM..HH,1,0.9987973,0.001202702522277832
2286801.IV.T0911..EH,1,0.99913603,0.0008639693260192871
2286801.MN.VLC..HH,0,0.009429352,0.00942935235798359
22890321.IV.CRMI..HH,1,0.99498606,0.005013942718505859
22890321.IV.MPPT..EH,1,0.9973035,0.002696514129638672
22890321.IV.OSSC..HH,0,0.005576304,0.005576304160058498
22890321.IV.PII..HH,0,0.013841137,0.013841137290000916
2289391.IV.T0911..EH,1,0.9976161,0.002383887767791748
2289891.IV.T0912..EH,1,0.99661773,0.003382265567779541
2291111.IV.BDI..HH,0,0.0028214992,0.0028214992489665747
2291111.GU.POPM..HH,0,0.003436629,0.0034366289619356394
2291111.IV.ZCCA..HH,1,0.9983452,0.00165480375289917
2291169.IV.IMOL..EH,1,0.020366056,0.9796339441090822
2291189.IV.MTRZ..HH,1,0.72055584,0.27944415807724
2291199.IV.MTRZ..HH,1,0.55978405,0.44021594524383545
22916981.IV.CSNT..HH,1,0.995681,0.00431901216506958
22916981.IV.OSSC..HH,1,0.99851435,0.0014856457710266113
2292211.IV.BRIS..HH,1,0.99770314,0.0022968649864196777
2292211.IV.MTRZ..HH,0,0.004135535,0.0041355350986123085
2292211.IV.SEI..HH,1,0.9976063,0.0023937225341796875
2292591.GU.GRAM..HH,1,0.99887216,0.0011278390884399414
2292591.IV.PLMA..HH,1,0.99818367,0.0018163323402404785
2292591.MN.VLC..HH,1,0.9961114,0.0038886070251464844
22936391.IV.ATPI..EH,0,0.001598862,0.001598861999809742
22936391.IV.CSNT..HH,0,0.0016316973,0.0016316972905769944
22936391.IV.LMD..HH,1,0.9952194,0.004780590534210205
22936391.GU.MAIM..HH,0,0.0025099576,0.0025099576450884342
22936391.IV.MOCL..EH,0,0.0017905078,0.0017905078129842877
22936391.IV.MPPT..EH,1,0.9974772,0.0025228261947631836
22936391.IV.OSSC..HH,0,0.0020659321,0.002065932145342231
22936391.GU.POPM..HH,1,0.94842464,0.05157536268234253
22936391.IV.RUFI..EH,1,0.99863267,0.001367330551147461
22936391.IV.SACS..HH,0,0.009899864,0.009899863973259926
22936391.IV.SEI..HH,1,0.9987905,0.0012094974517822266
22936391.IV.SFI..EH,1,0.99584335,0.004156649112701416
22946261.IV.RUFI..EH,1,0.99830574,0.0016942620277404785
2295171.IV.PLMA..HH,1,0.99727046,0.0027295351028442383
2295171.MN.VLC..HH,0,0.0037435049,0.0037435048725456
22961261.IV.ARCI..HH,0,0.001363704,0.0013637039810419083
22961261.IV.CAFI..HH,1,0.99620754,0.0037924647331237793
22961261.IV.CASP..HH,1,0.9947395,0.00526052713394165
22961641.IV.CRMI..HH,1,0.9842868,0.015713214874267578
22961641.IV.CSNT..HH,0,0.0035403597,0.0035403596702963114
22961641.GU.MAIM..HH,0,0.0068249376,0.006824937649071217
22961641.IV.MOCL..EH,0,0.0021702463,0.0021702463272958994
22961641.IV.MPPT..EH,1,0.99822384,0.0017761588096618652
22961641.IV.OSSC..HH,0,0.0020698821,0.0020698821172118187
22961641.IV.SEI..HH,1,0.99806774,0.0019322633743286133
22962031.IV.CSNT..HH,0,0.004527817,0.004527817014604807
22962031.IV.OSSC..HH,0,0.0038745904,0.0038745903875678778
22962031.GU.POPM..HH,0,0.025428286,0.0254282858222723
22962031.IV.RUFI..EH,1,0.9950038,0.004996180534362793
22962031.IV.SEI..HH,1,0.99797815,0.0020218491554260254
2296601.GU.EQUI..HH,1,0.99531263,0.004687368869781494
2296601.IV.T0911..EH,1,0.997312,0.002687990665435791
2296601.IV.T0912..EH,1,0.9982935,0.0017064809799194336
2296601.MN.VLC..HH,0,0.011537462,0.011537461541593075
2299331.IV.BRIS..HH,1,0.99556774,0.004432260990142822
2299331.IV.MTRZ..HH,0,0.009845942,0.009845942258834839
2299331.IV.SEI..HH,1,0.99565995,0.004340052604675293
22999261.IV.CAFI..HH,1,0.9946447,0.0053552985191345215
22999261.IV.OSSC..HH,1,0.9889234,0.011076629161834717
2299941.IV.BDI..HH,0,0.0019556438,0.0019556437619030476
2299941.GU.EQUI..HH,1,0.9977272,0.00227278470993042
2299941.IV.FNVD..HH,0,0.0027537239,0.002753723878413439
2299941.GU.GRAM..HH,1,0.99899036,0.0010096430778503418
2299941.IV.MTCR..EH,0,0.01357492,0.013574919663369656
2299941.IV.PLMA..HH,1,0.9988193,0.0011807084083557129
2299941.GU.POPM..HH,0,0.004236811,0.004236810840666294
2299941.IV.T0911..EH,1,0.99816513,0.001834869384765625
2299941.IV.T0912..EH,0,0.0022093274,0.0022093274164944887
2299941.MN.VLC..HH,0,0.0026666173,0.002666617278009653
2299981.GU.GRAM..HH,1,0.99452275,0.005477249622344971
2299981.IV.T0911..EH,1,0.9972814,0.002718627452850342
2299981.MN.VLC..HH,0,0.0011371635,0.0011371634900569916
2300071.GU.GRAM..HH,1,0.9928846,0.007115423679351807
2300071.IV.PLMA..HH,1,0.98483187,0.01516813039779663
2300071.MN.VLC..HH,0,0.0022873105,0.0022873105481266975
2301211.IV.BDI..HH,0,0.0153615475,0.015361547470092773
2301211.GU.CARD..HH,1,0.91446877,0.08553123474121094
2301211.IV.CRMI..HH,1,0.94786924,0.05213075876235962
2301211.GU.GRAM..HH,1,0.998781,0.0012189745903015137
2301211.GU.MAIM..HH,1,0.679837,0.3201630115509033
2301211.IV.MSSA..HH,1,0.98287195,0.017128050327301025
2301211.IV.MTCR..EH,1,0.98348093,0.01651906967163086
2301211.GU.PCP..HH,1,0.6508658,0.3491342067718506
2301211.IV.PLMA..HH,1,0.99895686,0.0010431408882141113
2301211.GU.POPM..HH,0,0.015017167,0.01501716673374176
2301211.IV.SEI..HH,1,0.027180836,0.9728191643953323
2301211.IV.T0911..EH,1,0.99852383,0.0014761686325073242
2301211.IV.T0912..EH,1,0.9972446,0.002755403518676758
2301211.MN.VLC..HH,1,0.9987361,0.0012639164924621582
2301461.IV.BDI..HH,0,0.006724623,0.006724623031914234
2301461.IV.BOB..HH,1,0.9935393,0.006460726261138916
2301461.GU.EQUI..HH,1,0.9980701,0.0019298791885375977
2301461.GU.GORR..HH,1,0.9827275,0.017272472381591797
2301461.GU.GRAM..HH,1,0.9979814,0.002018570899963379
2301461.IV.MTCR..EH,1,0.99644715,0.003552854061126709
2301461.GU.POPM..HH,0,0.0045716264,0.004571626428514719
2301461.IV.T0911..EH,1,0.99814427,0.0018557310104370117
2301461.MN.VLC..HH,0,0.002322746,0.0023227459751069546
23014661.IV.BDI..HH,1,0.99837345,0.0016265511512756348
23014661.GU.CARD..HH,1,0.9967358,0.003264188766479492
23014661.GU.GRAM..HH,1,0.9974739,0.00252610445022583
23014661.GU.GSCL..HH,1,0.99752074,0.002479255199432373
23014661.GU.SARM..EH,1,0.9939595,0.006040513515472412
23014661.MN.VLC..HH,1,0.9968771,0.0031229257583618164
2301561.IV.BDI..HH,1,0.117985174,0.8820148259401321
2301561.GU.CARD..HH,0,0.14701831,0.14701831340789795
2301561.IV.CRMI..HH,0,0.027268268,0.027268268167972565
2301561.GU.EQUI..HH,1,0.9896752,0.01032477617263794
2301561.GU.GRAM..HH,1,0.99779814,0.002201855182647705
2301561.GU.MAIM..HH,0,0.003432516,0.0034325160086154938
2301561.IV.MSSA..HH,1,0.020959973,0.9790400266647339
2301561.IV.MTCR..EH,1,0.13384868,0.8661513179540634
2301561.IV.PLMA..HH,1,0.9934335,0.006566524505615234
2301561.GU.POPM..HH,0,0.012372989,0.01237298920750618
2301561.IV.T0911..EH,1,0.9958906,0.004109382629394531
2301561.MN.VLC..HH,0,0.0018342985,0.0018342984840273857
23018911.IV.FNVD..HH,1,0.9976429,0.0023571252822875977
23018911.IV.MOCL..EH,0,0.0040144552,0.004014455247670412
23018911.IV.RUFI..EH,1,0.9977111,0.0022888779640197754
2302991.GU.GRAM..HH,1,0.9943486,0.005651414394378662
2302991.GU.MAIM..HH,0,0.005812444,0.005812443792819977
2302991.IV.MSSA..HH,1,0.9930923,0.00690770149230957
2302991.GU.POPM..HH,1,0.9452076,0.05479240417480469
2302991.IV.T0911..EH,1,0.99846536,0.0015346407890319824
2302991.IV.T0912..EH,1,0.99307436,0.006925642490386963
2307451.IV.T0912..EH,1,0.997342,0.0026580095291137695
2311821.IV.BDI..HH,0,0.060555276,0.06055527552962303
2311821.IV.ERBM..EH,1,0.9983528,0.00164717435836792
2311821.GU.GRAM..HH,1,0.99748445,0.002515554428100586
2311821.IV.PLMA..HH,1,0.9983603,0.001639723777770996
2311821.IV.T0911..EH,1,0.9983169,0.0016831159591674805
2311821.MN.VLC..HH,0,0.013251735,0.013251734897494316
2312951.IV.T0911..EH,1,0.9987928,0.0012071728706359863
2313091.IV.ERBM..EH,1,0.9977557,0.002244293689727783
2313091.GU.GRAM..HH,1,0.99827546,0.001724541187286377
23137951.IV.BDI..HH,1,0.9986086,0.0013914108276367188
23137951.GU.CARD..HH,1,0.99611163,0.003888368606567383
23137951.IV.CRMI..HH,1,0.9971167,0.002883315086364746
23137951.IV.FNVD..HH,1,0.99407923,0.005920767784118652
23137951.GU.GRAM..HH,0,0.0058081215,0.005808121524751186
23137951.IV.MPPT..EH,1,0.98932666,0.010673344135284424
23137951.IV.MSSA..HH,1,0.99536186,0.0046381354331970215
23137951.IV.OSSC..HH,1,0.994889,0.005110979080200195
23137951.GU.POPM..HH,1,0.9982329,0.0017670989036560059
23137951.IV.SEI..HH,1,0.9925799,0.0074201226234436035
23137951.MN.VLC..HH,0,0.0058655613,0.005865561310201883
23150971.IV.MPPT..EH,1,0.9968783,0.003121674060821533
2318359.IV.MSSA..HH,1,0.9971803,0.0028197169303894043
2318359.GU.SC2M..HH,1,0.9981161,0.0018839240074157715
23185281.IV.MSSA..HH,1,0.99315554,0.006844460964202881
23185281.IV.PLMA..HH,1,0.9729776,0.02702242136001587
23223301.IV.CSNT..HH,1,0.99624467,0.003755331039428711
23223301.IV.OSSC..HH,1,0.99842584,0.0015741586685180664
23223491.IV.ARCI..HH,1,0.9949312,0.005068778991699219
23223491.IV.CASP..HH,1,0.99430317,0.00569683313369751
23223491.IV.CSNT..HH,0,0.0017003873,0.0017003873363137245
23223491.IV.MAON..HH,0,0.0037744953,0.003774495329707861
23223491.IV.OSSC..HH,0,0.011854936,0.011854936368763447
2323251.GU.MAIM..HH,1,0.91964847,0.08035153150558472
2323251.IV.MSSA..HH,1,0.9905,0.00950002670288086
2323251.IV.T0911..EH,1,0.9971173,0.002882719039916992
2323251.IV.T0912..EH,0,0.02648807,0.02648806944489479
2324351.IV.T0912..EH,1,0.99754125,0.0024587512016296387
23254271.IV.BDI..HH,0,0.014571715,0.014571715146303177
23254271.IV.PII..HH,0,0.005545224,0.005545224063098431
23254271.IV.ZCCA..HH,1,0.99851644,0.0014835596084594727
23254361.IV.CRMI..HH,0,0.016844014,0.016844013705849648
23254361.GU.GSCL..HH,1,0.9983514,0.0016486048698425293
23254361.IV.ZCCA..HH,1,0.9970213,0.002978682518005371
23267981.GU.GSCL..HH,1,0.9982263,0.0017737150192260742
23267981.GU.POPM..HH,1,0.99836916,0.0016308426856994629
23267981.MN.VLC..HH,1,0.99728316,0.00271683931350708
2328591.GU.EQUI..HH,1,0.9985507,0.001449286937713623
2328591.IV.ERBM..EH,1,0.9980045,0.0019955039024353027
2328591.GU.GRAM..HH,1,0.9979928,0.0020071864128112793
2328591.IV.PLMA..HH,1,0.9947081,0.005291879177093506
23285951.GU.GRAM..HH,1,0.9890264,0.010973572731018066
23294831.IV.FIU..EH,1,0.9990673,0.0009326934814453125
23294831.IV.TEOL..HH,0,0.0044018426,0.004401842597872019
23309751.GU.GRAM..HH,1,0.9954107,0.0045893192291259766
23309751.GU.GSCL..HH,0,0.0016598832,0.0016598831862211227
23309751.MN.VLC..HH,0,0.0028107518,0.002810751786455512
23315171.GU.GRAM..HH,1,0.9972858,0.002714216709136963
23324101.IV.BDI..HH,1,0.9982245,0.001775503158569336
23324101.GU.GRAM..HH,0,0.005334194,0.00533419381827116
23324101.GU.GSCL..HH,0,0.0012406795,0.0012406795285642147
23324101.MN.VLC..HH,0,0.0056682196,0.005668219644576311
23326331.IV.PII..HH,1,0.9972039,0.0027961134910583496
23335161.GU.SARM..EH,0,0.0034826118,0.0034826118499040604
2335731.IV.ERBM..EH,1,0.99747646,0.0025235414505004883
2335731.GU.GRAM..HH,1,0.99823153,0.0017684698104858398
2335731.GU.MAIM..HH,0,0.062138993,0.06213899329304695
2335731.IV.PLMA..HH,1,0.99797744,0.00202256441116333
2335731.IV.T0911..EH,1,0.9974499,0.0025501251220703125
2335761.IV.BDI..HH,0,0.16114174,0.16114173829555511
2335761.IV.BOB..HH,0,0.043010965,0.04301096498966217
2335761.GU.CARD..HH,1,0.9906052,0.009394824504852295
2335761.IV.CASP..HH,0,0.026948472,0.02694847248494625
2335761.IV.CRMI..HH,0,0.028353445,0.02835344523191452
2335761.IV.ERBM..EH,1,0.9962853,0.0037146806716918945
2335761.GU.GORR..HH,0,0.0029138958,0.0029138957615941763
2335761.GU.GRAM..HH,1,0.9956326,0.004367411136627197
2335761.GU.MAIM..HH,1,0.986379,0.013620972633361816
2335761.GU.MGRO..HH,1,0.9899763,0.010023713111877441
2335761.IV.MTCR..EH,0,0.017164156,0.017164155840873718
2335761.GU.NEGI..HH,0,0.015027991,0.015027990564703941
2335761.IV.PLMA..HH,1,0.99790543,0.002094566822052002
2335761.GU.POPM..HH,1,0.9735243,0.026475727558135986
2335761.IV.T0911..EH,1,0.99685955,0.0031404495239257812
2335761.IV.T0912..EH,0,0.002423367,0.0024233669973909855
2335761.MN.VLC..HH,0,0.0080865165,0.00808651652187109
23360401.SI.LUSI..HH,0,0.04439012,0.04439011961221695
23360401.IV.MSSA..HH,0,0.011128035,0.011128035373985767
23360401.IV.ROVR..HH,0,0.06694716,0.06694716215133667
23369781.IV.CASP..HH,0,0.0037202185,0.003720218548551202
23369781.IV.PII..HH,1,0.99699396,0.0030060410499572754
2337431.GU.GRAM..HH,1,0.9982848,0.0017151832580566406
2337431.IV.PLMA..HH,1,0.99617374,0.0038262605667114258
2337431.IV.T0911..EH,1,0.9980378,0.0019621849060058594
2337431.IV.T0912..EH,1,0.99492925,0.005070745944976807
2338111.IV.BDI..HH,0,0.06088647,0.06088646873831749
2338111.GU.GRAM..HH,1,0.996773,0.0032269954681396484
2338111.GU.MAIM..HH,0,0.0073345937,0.007334593683481216
2338111.IV.PLMA..HH,1,0.9960061,0.0039939284324646
2338111.MN.VLC..HH,0,0.0040616514,0.004061651416122913
2339191.GU.EQUI..HH,1,0.99822795,0.0017720460891723633
23413611.IV.ASQU..HH,1,0.9975016,0.0024983882904052734
23413611.IV.LMD..HH,1,0.998267,0.0017330050468444824
23413611.IV.MOCL..EH,0,0.0045686676,0.004568667616695166
23413611.IV.RUFI..EH,1,0.99823153,0.0017684698104858398
23413611.IV.SEI..HH,1,0.99729717,0.0027028322219848633
23413611.IV.SFI..EH,1,0.9978538,0.0021461844444274902
23416011.IV.ASQU..HH,1,0.99404424,0.005955755710601807
23416011.IV.LMD..HH,1,0.99624294,0.0037570595741271973
23416011.IV.SEI..HH,1,0.99775183,0.0022481679916381836
2342031.IV.T0911..EH,1,0.99744684,0.0025531649589538574
23424621.IV.ASQU..HH,1,0.9968029,0.0031970739364624023
23424621.IV.BDI..HH,0,0.008947587,0.008947586640715599
23424621.IV.CRMI..HH,1,0.9981869,0.0018131136894226074
23424621.IV.FNVD..HH,1,0.998172,0.001828014850616455
23424621.IV.IMOL..EH,0,0.005388162,0.005388162098824978
23424621.IV.LMD..HH,1,0.9981428,0.0018572211265563965
23424621.IV.PII..HH,0,0.010596383,0.0105963833630085
23424621.GU.POPM..HH,0,0.008082139,0.008082139305770397
23424621.IV.SEI..HH,1,0.99833393,0.0016660690307617188
23424621.IV.SFI..EH,1,0.99668086,0.0033191442489624023
23424621.IV.SSP9..EH,1,0.9922469,0.0077530741691589355
23440201.GU.EQUI..HH,0,0.0033781694,0.0033781693782657385
23440201.GU.GRAM..HH,0,0.13529383,0.13529382646083832
23440201.IV.PII..HH,1,0.9937759,0.006224095821380615
23440201.IV.PLMA..HH,1,0.99817604,0.0018239617347717285
2345101.IV.T0911..EH,1,0.9975122,0.002487778663635254
2345101.MN.VLC..HH,1,0.9963388,0.003661215305328369
2345651.GU.GRAM..HH,1,0.99757636,0.0024236440658569336
2345731.IV.BDI..HH,1,0.99838907,0.0016109347343444824
2345731.GU.GRAM..HH,1,0.9990276,0.0009723901748657227
2345731.GU.MAIM..HH,0,0.20067602,0.20067602396011353
2345731.IV.PLMA..HH,1,0.9969633,0.003036677837371826
2345731.GU.POPM..HH,1,0.9950704,0.004929602146148682
2345731.IV.T0911..EH,1,0.99847615,0.0015238523483276367
2345731.MN.VLC..HH,1,0.9983489,0.0016511082649230957
23459921.IV.OSSC..HH,1,0.9991391,0.0008609294891357422
23462401.IV.CSNT..HH,1,0.99823856,0.0017614364624023438
23462401.IV.OSSC..HH,1,0.9993805,0.0006194710731506348
2349071.IV.FROS..HH,0,0.014405038,0.014405038207769394
23495931.IV.BDI..HH,0,0.0018199172,0.0018199172336608171
23495931.GU.GSCL..HH,0,0.0033114483,0.0033114482648670673
2351051.IV.ERBM..EH,1,0.9377468,0.06225317716598511
2353901.MN.VLC..HH,1,0.9966762,0.003323793411254883
2354591.IV.T0912..EH,0,0.0064738756,0.006473875604569912
2355471.GU.POPM..HH,0,0.021285782,0.021285781636834145
23556271.IV.CRMI..HH,1,0.9974535,0.0025464892387390137
23556271.IV.FNVD..HH,1,0.99733657,0.00266343355178833
23556271.IV.MOCL..EH,0,0.0042446353,0.004244635347276926
23556271.IV.MPPT..EH,1,0.9978572,0.002142786979675293
23556271.IV.RUFI..EH,1,0.9945818,0.005418181419372559
23556341.IV.MOCL..EH,0,0.0041171554,0.004117155447602272
23556341.IV.RUFI..EH,1,0.99752337,0.002476632595062256
23556631.IV.RUFI..EH,1,0.9989357,0.001064300537109375
23557471.IV.ASQU..HH,1,0.99578804,0.0042119622230529785
23557471.IV.BRIS..HH,1,0.99627227,0.003727734088897705
23557471.IV.CRMI..HH,1,0.9963783,0.003621697425842285
23557471.IV.CSNT..HH,1,0.9966083,0.0033916831016540527
23557471.IV.FIR..HH,1,0.9961777,0.00382232666015625
23557471.IV.FNVD..HH,0,0.02894124,0.028941240161657333
23557471.GU.GSCL..HH,0,0.004751259,0.004751258995383978
23557471.IV.LMD..HH,1,0.99802566,0.001974344253540039
23557471.IV.MOCL..EH,0,0.08231923,0.0823192298412323
23557471.IV.MPPT..EH,1,0.996851,0.003148972988128662
23557471.IV.MTRZ..HH,1,0.996648,0.0033519864082336426
23557471.IV.PII..HH,1,0.9954442,0.004555821418762207
23557471.IV.RUFI..EH,0,0.02184312,0.021843120455741882
23557471.GU.SARM..EH,1,0.996513,0.0034869909286499023
23557471.IV.SFI..EH,1,0.99230087,0.007699131965637207
23558011.IV.MOCL..EH,0,0.0052977474,0.005297747440636158
23558121.IV.ASQU..HH,1,0.99062896,0.009371042251586914
23558121.IV.BDI..HH,1,0.99726295,0.0027370452880859375
23558121.IV.BRIS..HH,1,0.99686766,0.003132343292236328
23558121.GU.CARD..HH,1,0.99770236,0.002297639846801758
23558121.IV.CRMI..HH,1,0.9966071,0.0033928751945495605
23558121.IV.CSNT..HH,1,0.9957387,0.004261314868927002
23558121.IV.FIR..HH,1,0.9919079,0.008092105388641357
23558121.IV.FNVD..HH,1,0.99038357,0.009616434574127197
23558121.IV.IMOL..EH,1,0.99503106,0.0049689412117004395
23558121.IV.LMD..HH,1,0.9955166,0.004483401775360107
23558121.GU.MAIM..HH,1,0.99703485,0.0029651522636413574
23558121.IV.MOCL..EH,0,0.031129092,0.03112909197807312
23558121.IV.MTRZ..HH,1,0.9964474,0.0035526156425476074
23558121.IV.OSSC..HH,1,0.995297,0.0047029852867126465
23558121.IV.PII..HH,1,0.9935682,0.0064318180084228516
23558121.GU.POPM..HH,1,0.96525323,0.034746766090393066
23558121.IV.RUFI..EH,0,0.4723053,0.4723052978515625
23558121.GU.SARM..EH,1,0.99692005,0.0030799508094787598
23558121.IV.SSP9..EH,0,0.010773906,0.01077390555292368
23558211.IV.MPPT..EH,0,0.9986061,0.9986060857772827
23558491.IV.MPPT..EH,1,0.9981493,0.001850724220275879
23558761.IV.MPPT..EH,1,0.99809325,0.001906752586364746
23559321.IV.MOCL..EH,1,0.9901877,0.00981229543685913
23559321.IV.MPPT..EH,1,0.99809754,0.001902461051940918
23559981.IV.FIR..HH,1,0.9858909,0.01410907506942749
23559981.IV.MPPT..EH,1,0.9988546,0.0011454224586486816
23559981.IV.OSSC..HH,1,0.9969432,0.003056824207305908
23560131.IV.BRIS..HH,0,0.0043834224,0.004383422434329987
23560131.IV.FNVD..HH,1,0.9935784,0.00642162561416626
23560131.GU.POPM..HH,1,0.9973855,0.0026144981384277344
23560331.IV.ASQU..HH,1,0.99510485,0.004895150661468506
23560331.IV.BDI..HH,1,0.9956849,0.004315078258514404
23560331.IV.BRIS..HH,1,0.9948814,0.005118608474731445
23560331.IV.CRMI..HH,1,0.99791855,0.002081453800201416
23560331.IV.CSNT..HH,1,0.9974099,0.0025901198387145996
23560331.IV.FNVD..HH,1,0.9926742,0.0073258280754089355
23560331.GU.GSCL..HH,1,0.9958108,0.004189193248748779
23560331.IV.MOCL..EH,0,0.005391321,0.005391321144998074
23560331.IV.MPPT..EH,1,0.99842227,0.0015777349472045898
23560331.IV.MTRZ..HH,1,0.9930219,0.006978094577789307
23560331.IV.OSSC..HH,1,0.9974622,0.0025377869606018066
23560331.IV.PII..HH,1,0.9950545,0.004945516586303711
23560331.GU.POPM..HH,1,0.9968575,0.0031424760818481445
23560331.IV.SFI..EH,1,0.9952135,0.004786491394042969
23561151.IV.ASQU..HH,1,0.99439794,0.005602061748504639
23561151.IV.BDI..HH,1,0.9973171,0.002682924270629883
23561151.IV.BRIS..HH,1,0.99712116,0.002878844738006592
23561151.IV.CRMI..HH,1,0.9980406,0.001959383487701416
23561151.IV.CSNT..HH,1,0.99703413,0.002965867519378662
23561151.IV.FNVD..HH,0,0.0021013971,0.002101397141814232
23561151.GU.GRAM..HH,1,0.99411577,0.005884230136871338
23561151.GU.GSCL..HH,0,0.0025329334,0.002532933373004198
23561151.IV.LMD..HH,1,0.9966354,0.0033646225929260254
23561151.IV.MOCL..EH,0,0.015780784,0.01578078418970108
23561151.IV.MPPT..EH,1,0.9972687,0.0027313232421875
23561151.IV.MTRZ..HH,1,0.9982124,0.0017876029014587402
23561151.IV.OSSC..HH,1,0.9950203,0.004979729652404785
23561151.IV.PII..HH,1,0.9964145,0.003585517406463623
23561151.GU.POPM..HH,1,0.9985448,0.0014551877975463867
23561151.IV.RUFI..EH,1,0.9893982,0.010601818561553955
23561171.IV.CRMI..HH,1,0.9835137,0.016486287117004395
23561171.IV.CSNT..HH,1,0.99604815,0.003951847553253174
23561171.GU.GSCL..HH,0,0.014856821,0.014856820926070213
23561171.IV.LMD..HH,1,0.9941299,0.00587010383605957
23561171.IV.MOCL..EH,0,0.005472834,0.005472834222018719
23561171.IV.MPPT..EH,1,0.9965276,0.0034723877906799316
23561171.IV.MTRZ..HH,1,0.9964145,0.003585517406463623
23561171.IV.OSSC..HH,1,0.99541265,0.004587352275848389
23561171.IV.PII..HH,1,0.99656355,0.003436446189880371
23561171.GU.POPM..HH,1,0.99876624,0.0012337565422058105
23561301.IV.ASQU..HH,1,0.9969657,0.0030342936515808105
23561301.IV.BDI..HH,1,0.9973749,0.002625107765197754
23561301.IV.BRIS..HH,1,0.9970875,0.0029125213623046875
23561301.IV.CRMI..HH,1,0.9987077,0.0012922883033752441
23561301.IV.CSNT..HH,1,0.998504,0.0014960169792175293
23561301.IV.FNVD..HH,1,0.9972665,0.0027335286140441895
23561301.GU.GSCL..HH,1,0.99671525,0.003284752368927002
23561301.IV.LMD..HH,1,0.9979026,0.0020974278450012207
23561301.IV.MOCL..EH,0,0.005979497,0.005979496985673904
23561301.IV.MPPT..EH,1,0.9981167,0.0018833279609680176
23561301.IV.MTRZ..HH,1,0.9984684,0.0015316009521484375
23561301.IV.OSSC..HH,1,0.99743664,0.0025633573532104492
23561301.IV.PII..HH,1,0.99783576,0.0021642446517944336
23561301.GU.POPM..HH,1,0.9979143,0.0020856857299804688
23561301.IV.RUFI..EH,0,0.00826909,0.008269090205430984
23561301.IV.SFI..EH,1,0.99344355,0.006556451320648193
23561591.IV.RUFI..EH,1,0.9969372,0.0030627846717834473
23562241.IV.CSNT..HH,1,0.9964866,0.0035133957862854004
23562241.IV.FNVD..HH,0,0.002058063,0.0020580629352480173
23562241.GU.POPM..HH,1,0.9981427,0.0018572807312011719
23562431.IV.MPPT..EH,1,0.9982515,0.001748502254486084
23562431.GU.POPM..HH,1,0.99017584,0.009824156761169434
23562491.IV.CRMI..HH,0,0.001899363,0.0018993630073964596
23562491.IV.FNVD..HH,0,0.0023191068,0.0023191068321466446
23562491.IV.LMD..HH,1,0.9976995,0.0023005008697509766
23562491.IV.MPPT..EH,1,0.99822754,0.001772463321685791
23562491.IV.RUFI..EH,0,0.003395097,0.0033950970973819494
23562721.IV.BRIS..HH,1,0.9959916,0.0040084123611450195
23562721.IV.CRMI..HH,1,0.99800867,0.0019913315773010254
23562721.IV.FNVD..HH,1,0.99853384,0.0014661550521850586
23562721.IV.LMD..HH,1,0.9985413,0.0014587044715881348
23562721.IV.MOCL..EH,0,0.0041800663,0.004180066287517548
23562721.IV.MTRZ..HH,1,0.99812603,0.0018739700317382812
23562721.IV.PII..HH,1,0.99541694,0.0045830607414245605
23562721.GU.POPM..HH,1,0.9971611,0.00283890962600708
23563091.IV.BDI..HH,1,0.99385095,0.0061490535736083984
23563091.IV.FNVD..HH,0,0.040435065,0.0404350645840168
23563091.IV.LMD..HH,1,0.99712753,0.002872467041015625
23563091.IV.MPPT..EH,1,0.9974624,0.0025376081466674805
23565631.IV.MPPT..EH,1,0.9987934,0.0012065768241882324
23565631.IV.VISG..HH,1,0.9959279,0.004072129726409912
23566301.IV.VISG..HH,1,0.99733275,0.002667248249053955
23566721.IV.MPPT..EH,1,0.9979546,0.0020453929901123047
23574061.IV.CRMI..HH,1,0.9967425,0.0032575130462646484
23574061.IV.FNVD..HH,1,0.991436,0.008563995361328125
23574061.IV.LMD..HH,1,0.99692756,0.0030724406242370605
23574061.IV.MPPT..EH,1,0.99665624,0.0033437609672546387
23574061.GU.POPM..HH,1,0.99779814,0.002201855182647705
23574061.IV.RUFI..EH,1,0.98800653,0.011993467807769775
23574061.IV.SEI..HH,1,0.99815005,0.0018499493598937988
23575431.IV.FNVD..HH,0,0.0019003366,0.0019003365887328982
23575431.IV.MPPT..EH,1,0.9974754,0.0025246143341064453
23575431.GU.POPM..HH,1,0.99741966,0.0025803446769714355
23575431.IV.RUFI..EH,0,0.020833652,0.020833652466535568
23575431.IV.SEI..HH,0,0.0039199754,0.003919975366443396
23575431.IV.VISG..HH,1,0.9986922,0.0013077855110168457
23577261.IV.CRE..HH,1,0.97382456,0.02617543935775757
23577261.IV.MPPT..EH,1,0.99753,0.0024700164794921875
23577261.IV.OSSC..HH,1,0.99641126,0.003588736057281494
23577261.IV.PII..HH,1,0.98711044,0.012889564037322998
23577261.GU.POPM..HH,1,0.99861974,0.0013802647590637207
23579741.IV.BDI..HH,0,0.009354411,0.00935441069304943
23579741.IV.FNVD..HH,0,0.014022964,0.014022964052855968
23579741.IV.MPPT..EH,1,0.9982725,0.0017275214195251465
23579741.IV.VISG..HH,1,0.99850357,0.001496434211730957
23583161.IV.BOB..HH,1,0.9785495,0.021450519561767578
23583161.GU.EQUI..HH,0,0.007010956,0.0070109558291733265
23583161.GU.GORR..HH,0,0.019068642,0.01906864158809185
23583161.GU.GRAM..HH,0,0.002692165,0.0026921650860458612
23583161.GU.GSCL..HH,0,0.0036948447,0.003694844665005803
23583161.SI.LUSI..HH,0,0.0018020974,0.0018020974239334464
23583161.OX.MARN..HH,0,0.004265629,0.004265629220753908
23583161.IV.MSSA..HH,0,0.0034819103,0.0034819103311747313
23583161.IV.PLMA..HH,0,0.0013516756,0.0013516756007447839
23583161.IV.ROVR..HH,0,0.0034915293,0.0034915292635560036
23583161.IV.TEOL..HH,0,0.021241318,0.021241318434476852
23583211.GU.EQUI..HH,0,0.040192634,0.040192633867263794
23583211.GU.GORR..HH,0,0.026660232,0.02666023187339306
23583211.GU.GRAM..HH,0,0.0023627733,0.0023627732880413532
23583211.GU.GSCL..HH,1,0.98436505,0.01563495397567749
23583211.IV.MSSA..HH,0,0.0033464613,0.0033464613370597363
23583211.IV.PII..HH,1,0.97849923,0.021500766277313232
23583211.IV.PLMA..HH,0,0.0011146019,0.0011146018514409661
23583211.GU.POPM..HH,1,0.9904216,0.009578406810760498
23583211.GU.RNCA..HH,0,0.02083723,0.02083723060786724
23583211.GU.SARM..EH,1,0.9794934,0.020506620407104492
23583211.MN.VLC..HH,1,0.99348515,0.006514847278594971
23585031.GU.GRAM..HH,0,0.004030785,0.00403078505769372
23585031.IV.PII..HH,1,0.9986732,0.0013267993927001953
23585061.IV.FIR..HH,1,0.98408645,0.015913546085357666
23585061.IV.FNVD..HH,0,0.007886226,0.007886226288974285
23585061.IV.LMD..HH,1,0.9949291,0.005070924758911133
23585061.IV.MPPT..EH,1,0.9985277,0.0014722943305969238
23585061.IV.VISG..HH,1,0.9979877,0.002012312412261963
23597171.IV.MPPT..EH,1,0.9938594,0.006140589714050293
23597171.IV.SEI..HH,1,0.990112,0.009887993335723877
2360781.GU.GRAM..HH,1,0.99790245,0.0020975470542907715
2360781.IV.PLMA..HH,0,0.006077958,0.006077957805246115
2360781.IV.T0912..EH,1,0.033838347,0.9661616533994675
2360781.MN.VLC..HH,1,0.99847656,0.001523435115814209
23655111.IV.ASQU..HH,1,0.99824035,0.001759648323059082
23655111.IV.LMD..HH,1,0.99581814,0.004181861877441406
23655111.IV.RUFI..EH,1,0.99779415,0.0022058486938476562
23655221.IV.LMD..HH,1,0.99887323,0.0011267662048339844
23655221.IV.RUFI..EH,1,0.9979821,0.0020179152488708496
23655221.IV.SEI..HH,1,0.9963348,0.0036652088165283203
2365621.GU.EQUI..HH,1,0.99693507,0.0030649304389953613
2365621.GU.GRAM..HH,1,0.99747676,0.0025232434272766113
2365621.IV.T0911..EH,1,0.99815345,0.0018465518951416016
23688131.IV.BRIS..HH,0,0.009325027,0.009325026534497738
23688131.IV.SEI..HH,1,0.99803543,0.001964569091796875
23716061.IV.LMD..HH,1,0.9985904,0.0014095902442932129
23730011.IV.BRIS..HH,1,0.9978053,0.002194702625274658
23730011.IV.FNVD..HH,1,0.9983313,0.001668691635131836
23730011.IV.LMD..HH,0,0.003890232,0.0038902319502085447
23730011.IV.SEI..HH,1,0.99853534,0.0014646649360656738
23741121.IV.ASQU..HH,1,0.9962158,0.0037841796875
23741121.IV.BRIS..HH,1,0.9974045,0.0025954842567443848
23741121.IV.FNVD..HH,0,0.0040059346,0.004005934577435255
23741121.IV.LMD..HH,1,0.99863994,0.0013600587844848633
23741121.IV.SEI..HH,0,0.011347775,0.011347775347530842
23741121.IV.SFI..EH,1,0.9963436,0.0036563873291015625
2375631.GU.EQUI..HH,1,0.99164593,0.0083540678024292
2375631.GU.GRAM..HH,1,0.9965391,0.0034608840942382812
2375631.IV.PLMA..HH,1,0.99683285,0.0031671524047851562
2375631.IV.T0912..EH,0,0.0048995274,0.004899527411907911
2375631.MN.VLC..HH,0,0.002956442,0.002956442069262266
2376181.GU.GRAM..HH,1,0.998291,0.001708984375
2376181.IV.PLMA..HH,1,0.9969755,0.0030245184898376465
2376181.MN.VLC..HH,0,0.0019099731,0.0019099730998277664
23765741.GU.CARD..HH,1,0.93638897,0.06361103057861328
23765741.GU.GORR..HH,1,0.9989866,0.0010133981704711914
23765741.GU.GRAM..HH,1,0.99734,0.0026599764823913574
23765741.GU.POPM..HH,0,0.01784298,0.017842980101704597
23765741.MN.VLC..HH,0,0.049372427,0.04937242716550827
23770821.IV.CRMI..HH,1,0.98143435,0.018565654754638672
2377511.IV.T0911..EH,1,0.99812156,0.0018784403800964355
2377511.MN.VLC..HH,1,0.99410063,0.005899369716644287
23801441.IV.BDI..HH,1,0.99910253,0.0008974671363830566
23801441.GU.CARD..HH,1,0.99758184,0.0024181604385375977
23801441.IV.CRMI..HH,0,0.023751674,0.023751674219965935
23801441.GU.GORR..HH,1,0.9868183,0.013181686401367188
23801441.GU.GRAM..HH,1,0.9975917,0.002408325672149658
23801441.IV.MPPT..EH,1,0.9977078,0.0022922158241271973
23801441.IV.PII..HH,0,0.0013566854,0.0013566854177042842
23801441.MN.VLC..HH,1,0.9987592,0.0012407898902893066
23801501.IV.BDI..HH,1,0.9982433,0.0017567276954650879
23801501.GU.CARD..HH,1,0.99876726,0.001232743263244629
23801501.IV.CRMI..HH,1,0.99751854,0.0024814605712890625
23801501.IV.CSNT..HH,0,0.028267652,0.028267651796340942
23801501.IV.FNVD..HH,1,0.998463,0.001537024974822998
23801501.GU.GRAM..HH,0,0.101901665,0.10190166532993317
23801501.IV.MPPT..EH,1,0.9970595,0.0029404759407043457
23801501.IV.PII..HH,1,0.9981904,0.0018095970153808594
23801501.IV.RUFI..EH,1,0.9493722,0.050627827644348145
23801501.IV.VISG..HH,1,0.98983955,0.010160446166992188
23801501.MN.VLC..HH,1,0.9977629,0.002237081527709961
2380841.IV.PLMA..HH,1,0.99685425,0.003145754337310791
2380841.MN.VLC..HH,1,0.9983745,0.0016254782676696777
23812011.IV.MPPT..EH,0,0.008118348,0.008118348196148872
23812011.IV.PII..HH,0,0.002318427,0.0023184269666671753
23812011.IV.RUFI..EH,0,0.0024636257,0.002463625743985176
2381609.IV.PRMA..HH,0,0.0049644,0.004964400082826614
23819631.GU.CARD..HH,1,0.995976,0.004024028778076172
2382141.IV.MAGA..HH,1,0.99492687,0.005073130130767822
2382141.IV.NOVE..EH,0,0.0097713005,0.009771300479769707
23843301.IV.BDI..HH,1,0.99740946,0.0025905370712280273
23843301.GU.GRAM..HH,0,0.0020200557,0.0020200556609779596
23843301.IV.PRMA..HH,1,0.9864199,0.013580083847045898
23843301.MN.TUE..HH,1,0.80017304,0.19982695579528809
23843301.IV.ZONE..HH,1,0.99247843,0.007521569728851318
2384819.GU.POPM..HH,1,0.99851525,0.0014847517013549805
2384869.GU.POPM..HH,1,0.99833035,0.0016696453094482422
2384919.GU.POPM..HH,1,0.99862546,0.0013745427131652832
2385009.GU.POPM..HH,1,0.99798423,0.0020157694816589355
2385049.GU.POPM..HH,1,0.99782187,0.0021781325340270996
2385059.GU.POPM..HH,1,0.99873215,0.001267850399017334
2385069.GU.POPM..HH,1,0.9968212,0.0031787753105163574
2385209.GU.POPM..HH,1,0.9914015,0.008598506450653076
2391641.MN.VLC..HH,1,0.9947464,0.005253612995147705
2396289.IV.ZCCA..HH,1,0.9981039,0.0018960833549499512
2396391.IV.ERBM..EH,0,0.18148535,0.1814853549003601
2396391.MN.VLC..HH,0,0.002679892,0.002679891884326935
2396721.IV.FROS..HH,1,0.9900616,0.009938418865203857
2396721.IV.TRIF..HH,0,0.002334818,0.002334818011149764
2399631.GU.EQUI..HH,1,0.99711007,0.0028899312019348145
2399631.IV.T0912..EH,1,0.99790573,0.002094268798828125
2399631.MN.VLC..HH,1,0.9946558,0.005344212055206299
2406361.IV.BOB..HH,0,0.0051928256,0.005192825570702553
2406361.GU.GRAM..HH,1,0.9962842,0.003715813159942627
2406361.IV.MSSA..HH,1,0.9959574,0.004042625427246094
2410971.GU.EQUI..HH,1,0.983662,0.016337990760803223
2410971.GU.GRAM..HH,1,0.9972809,0.002719104290008545
2410971.IV.T0912..EH,1,0.99872375,0.001276254653930664
2412541.IV.CASP..HH,1,0.10101142,0.8989885821938515
2412541.IV.FROS..HH,1,0.96711445,0.03288555145263672
2412541.IV.OSSC..HH,1,0.7005142,0.29948580265045166
2412541.IV.TRIF..HH,1,0.9967283,0.0032716989517211914
2417241.GU.GRAM..HH,0,0.0013433024,0.0013433024287223816
2417241.GU.POPM..HH,0,0.005665015,0.005665014963597059
2417241.IV.PRMA..HH,1,0.99856573,0.0014342665672302246
2417241.IV.ROVR..HH,1,0.98541784,0.014582157135009766
2417311.GU.GRAM..HH,0,0.0024925878,0.0024925877805799246
2417311.IV.PRMA..HH,1,0.99798656,0.0020134449005126953
2417611.IV.BDI..HH,0,0.0019169244,0.0019169243751093745
2417611.GU.MAIM..HH,0,0.002578352,0.0025783521123230457
2417611.IV.NOVE..EH,0,0.0026451012,0.0026451011653989553
2417611.MN.VLC..HH,0,0.0014574032,0.0014574031811207533
2417611.IV.ZCCA..HH,1,0.9984411,0.0015588998794555664
2417931.GU.GRAM..HH,0,0.003538192,0.003538192017003894
2417931.IV.NOVE..EH,0,0.005337228,0.005337228067219257
2417931.IV.PRMA..HH,1,0.9968338,0.00316619873046875
2423131.IV.MTCR..EH,0,0.013131457,0.013131457380950451
2423131.IV.PLMA..HH,1,0.9978969,0.002103090286254883
2423131.GU.POPM..HH,1,0.99446994,0.005530059337615967
2423131.IV.T0911..EH,1,0.9983676,0.001632392406463623
2425139.IV.SFI..EH,0,0.0024374723,0.0024374723434448242
2425569.IV.BDI..HH,1,0.9985805,0.0014194846153259277
2425569.IV.ZCCA..HH,1,0.9985579,0.0014420747756958008
2426179.IV.PRMA..HH,0,0.0036204744,0.0036204743664711714
2426179.GU.SC2M..HH,1,0.99756175,0.0024382472038269043
2426769.IV.PRMA..HH,0,0.008913246,0.008913245983421803
2429091.IV.ERBM..EH,1,0.9983764,0.0016235709190368652
2429091.GU.GRAM..HH,0,0.014424969,0.01442496944218874
2429091.IV.PLMA..HH,1,0.9968937,0.0031062960624694824
2429091.IV.T0911..EH,1,0.99794745,0.0020525455474853516
2429091.MN.VLC..HH,1,0.9943173,0.005682706832885742
2429771.GU.EQUI..HH,0,0.023531593,0.02353159338235855
2429771.GU.MAIM..HH,1,0.98758847,0.012411534786224365
2429771.IV.PLMA..HH,1,0.9957475,0.004252493381500244
2431489.IV.BDI..HH,1,0.99536115,0.004638850688934326
2431489.SI.KOSI..HH,1,0.9968202,0.003179788589477539
2431489.IV.MABI..HH,1,0.9954309,0.004569113254547119
2431489.IV.MAGA..HH,1,0.99790907,0.002090930938720703
2431489.IV.PRMA..HH,0,0.0022766157,0.0022766157053411007
2431489.IV.ROVR..HH,1,0.9975095,0.002490520477294922
2431489.IV.SALO..HH,1,0.9827205,0.017279505729675293
2431489.GU.SC2M..HH,1,0.9885845,0.011415481567382812
2431489.MN.TUE..HH,1,0.864151,0.1358489990234375
2431489.MN.VLC..HH,1,0.98847747,0.011522531509399414
2431499.SI.KOSI..HH,1,0.9941921,0.0058078765869140625
2431499.IV.MAGA..HH,1,0.99771076,0.0022892355918884277
2431499.IV.MSSA..HH,1,0.99714077,0.0028592348098754883
2431499.IV.PRMA..HH,0,0.010275608,0.01027560792863369
2431499.IV.ROVR..HH,1,0.9926215,0.007378518581390381
2431499.IV.SALO..HH,1,0.9981227,0.0018773078918457031
2431499.GU.SC2M..HH,1,0.99051833,0.009481668472290039
2431499.MN.TUE..HH,1,0.992813,0.007187008857727051
2431499.MN.VLC..HH,1,0.99550384,0.004496157169342041
2431649.IV.PRMA..HH,0,0.0058877273,0.005887727253139019
2432119.IV.PRMA..HH,0,0.0062254597,0.00622545974329114
2432209.IV.PRMA..HH,0,0.0032413232,0.0032413231674581766
2432371.GU.GRAM..HH,1,0.99762595,0.0023740530014038086
2432371.GU.MAIM..HH,1,0.9966108,0.0033891797065734863
2432371.GU.POPM..HH,0,0.0048814868,0.004881486762315035
2432681.IV.PRMA..HH,1,0.9946915,0.00530850887298584
2438869.IV.PRMA..HH,0,0.00257733,0.0025773299857974052
2439881.GU.GRAM..HH,0,0.0021923722,0.0021923722233623266
2443631.GU.EQUI..HH,1,0.99649566,0.003504335880279541
2443631.MN.VLC..HH,1,0.99802077,0.001979231834411621
2445011.GU.EQUI..HH,1,0.9982538,0.0017461776733398438
2445011.IV.ERBM..EH,1,0.9985219,0.0014780759811401367
2445011.GU.GRAM..HH,1,0.97866976,0.02133023738861084
2445011.IV.PLMA..HH,1,0.9983156,0.001684427261352539
2447589.IV.ASQU..HH,1,0.9971013,0.002898693084716797
2447589.IV.ATVO..HH,1,0.9978722,0.00212782621383667
2447589.IV.CRMI..HH,0,0.0069137486,0.006913748569786549
2447589.GU.MAIM..HH,0,0.006637798,0.00663779815658927
2447589.IV.MTRZ..HH,1,0.9987812,0.0012187957763671875
2447589.IV.PARC..HH,1,0.9968125,0.0031874775886535645
2447589.IV.SFI..EH,1,0.9980929,0.0019071102142333984
2447639.IV.MTRZ..HH,1,0.99873656,0.001263439655303955
2448409.IV.MTRZ..HH,1,0.9967133,0.00328671932220459
2448409.IV.RAVA..EH,0,0.0012126826,0.0012126825749874115
2448409.IV.ZCCA..HH,1,0.99741256,0.002587437629699707
2450839.IV.SFI..EH,1,0.99618864,0.003811359405517578
2450931.IV.BDI..HH,1,0.9985611,0.001438915729522705
2453079.IV.FROS..HH,1,0.9980158,0.0019841790199279785
2455721.GU.EQUI..HH,1,0.99641824,0.0035817623138427734
2455721.IV.ERBM..EH,1,0.9979404,0.0020595788955688477
2455721.GU.GRAM..HH,1,0.9966432,0.0033568143844604492
2455721.IV.T0911..EH,1,0.9986221,0.001377880573272705
2455721.MN.VLC..HH,1,0.9982912,0.0017088055610656738
2456481.IV.ARCI..HH,1,0.98570734,0.014292657375335693
2456481.IV.ASQU..HH,1,0.85740936,0.14259064197540283
2456481.IV.BDI..HH,1,0.79535025,0.20464974641799927
2456481.IV.CAFI..HH,0,0.41254926,0.4125492572784424
2456481.IV.CASP..HH,1,0.9979497,0.0020502805709838867
2456481.IV.CRMI..HH,1,0.9983038,0.0016962289810180664
2456481.GU.EQUI..HH,1,0.98867726,0.011322736740112305
2456481.IV.FNVD..HH,1,0.89465606,0.10534393787384033
2456481.IV.FROS..HH,1,0.99766576,0.0023342370986938477
2456481.GU.MAIM..HH,1,0.01691942,0.983080580830574
2456481.IV.MSSA..HH,1,0.95807827,0.04192173480987549
2456481.IV.OSSC..HH,1,0.9987638,0.0012362003326416016
2456481.IV.PII..HH,0,0.015028308,0.015028308145701885
2456481.IV.PLMA..HH,1,0.90088296,0.09911704063415527
2456481.GU.POPM..HH,0,0.64223367,0.642233669757843
2456481.IV.RUFI..EH,1,0.9982789,0.0017210841178894043
2456481.IV.SEI..HH,1,0.9960855,0.003914475440979004
2456481.IV.SFI..EH,1,0.5822902,0.4177098274230957
2456481.MN.VLC..HH,1,0.9705137,0.02948629856109619
2462829.IV.ASQU..HH,1,0.9974924,0.002507627010345459
2462829.IV.MTRZ..HH,0,0.0027428598,0.0027428597677499056
2462829.IV.SFI..EH,1,0.9969543,0.00304567813873291
2465261.IV.BDI..HH,1,0.9906251,0.009374916553497314
2465261.GU.GORR..HH,1,0.99680746,0.0031925439834594727
2465261.GU.MAIM..HH,1,0.9940622,0.005937814712524414
2467339.IV.BDI..HH,1,0.99660325,0.003396749496459961
2467339.IV.FNVD..HH,1,0.9983587,0.0016412734985351562
2467339.GU.POPM..HH,1,0.9985627,0.0014373064041137695
2467339.MN.VLC..HH,1,0.9970725,0.0029274821281433105
2467339.IV.ZCCA..HH,1,0.99809194,0.0019080638885498047
2467379.IV.BDI..HH,1,0.99746525,0.0025347471237182617
2467379.IV.FNVD..HH,1,0.9967531,0.003246903419494629
2467379.GU.POPM..HH,1,0.9981741,0.0018259286880493164
2467489.GU.POPM..HH,1,0.99636334,0.003636658191680908
2467559.IV.BDI..HH,1,0.99724066,0.0027593374252319336
2467559.IV.FNVD..HH,1,0.9964751,0.0035248994827270508
2467559.GU.POPM..HH,1,0.9977645,0.0022354722023010254
2467559.IV.ZCCA..HH,1,0.9974453,0.0025547146797180176
2467579.GU.MAIM..HH,0,0.004018951,0.004018951207399368
2467579.MN.VLC..HH,1,0.9972903,0.002709686756134033
2467649.IV.BDI..HH,1,0.99829155,0.0017084479331970215
2467649.IV.FNVD..HH,1,0.9987248,0.001275181770324707
2467649.GU.POPM..HH,1,0.9979968,0.002003192901611328
2467649.IV.ZCCA..HH,1,0.9979228,0.0020772218704223633
2467699.IV.BDI..HH,1,0.99752635,0.0024736523628234863
2467699.IV.FNVD..HH,1,0.9979277,0.002072274684906006
2467699.GU.POPM..HH,1,0.99838924,0.0016107559204101562
2467699.IV.ZCCA..HH,1,0.9985805,0.0014194846153259277
2467709.IV.BDI..HH,1,0.9971628,0.0028371810913085938
2467729.IV.BDI..HH,1,0.9988252,0.0011748075485229492
2467729.IV.FNVD..HH,1,0.99781394,0.0021860599517822266
2467729.GU.POPM..HH,1,0.99798626,0.0020137429237365723
2467729.IV.ZCCA..HH,1,0.99870104,0.0012989640235900879
2468649.IV.ZCCA..HH,1,0.99806714,0.0019328594207763672
2470021.GU.CARD..HH,1,0.9950919,0.004908084869384766
2470021.IV.ERBM..EH,1,0.9986691,0.0013309121131896973
2470021.MN.VLC..HH,1,0.9970674,0.002932608127593994
2471171.IV.PLMA..HH,1,0.9974696,0.002530395984649658
2471171.GU.POPM..HH,0,0.022453856,0.022453855723142624
2471171.MN.VLC..HH,1,0.9985098,0.001490175724029541
2471241.IV.BDI..HH,1,0.9976332,0.002366781234741211
2471241.IV.ERBM..EH,1,0.9978759,0.0021240711212158203
2471241.GU.GRAM..HH,1,0.9982192,0.0017808079719543457
2471241.MN.VLC..HH,1,0.99701077,0.0029892325401306152
2471331.IV.ERBM..EH,1,0.9978818,0.0021181702613830566
2471331.IV.PLMA..HH,1,0.99829537,0.0017046332359313965
2471331.MN.VLC..HH,1,0.9938149,0.00618511438369751
2471621.IV.ERBM..EH,1,0.99731314,0.0026868581771850586
2471621.GU.GRAM..HH,1,0.99771535,0.0022846460342407227
2471621.MN.VLC..HH,0,0.0029926996,0.002992699621245265
2471651.IV.BDI..HH,1,0.9555104,0.04448962211608887
2471651.GU.GRAM..HH,1,0.99726325,0.0027367472648620605
2471651.MN.VLC..HH,0,0.008577006,0.008577005937695503
2472661.GU.CARD..HH,1,0.99720865,0.0027913451194763184
2472661.IV.ERBM..EH,1,0.9969411,0.003058910369873047
2472661.GU.MAIM..HH,1,0.9955066,0.004493415355682373
2472661.GU.POPM..HH,1,0.9980555,0.0019444823265075684
2472661.MN.VLC..HH,1,0.9975784,0.0024216175079345703
2472731.MN.VLC..HH,1,0.9984226,0.0015773773193359375
2472861.IV.BDI..HH,0,0.8573841,0.8573840856552124
2472861.IV.ERBM..EH,1,0.99847555,0.0015244483947753906
2472861.GU.GRAM..HH,1,0.99743474,0.0025652647018432617
2472861.IV.PLMA..HH,1,0.99822605,0.0017739534378051758
2472861.IV.T0911..EH,1,0.9976102,0.0023897886276245117
2472861.MN.VLC..HH,0,0.0035766931,0.0035766931250691414
2472939.IV.SFI..EH,1,0.9950802,0.004919826984405518
2474451.GU.GRAM..HH,1,0.9982193,0.001780688762664795
2474451.IV.PRMA..HH,0,0.021436693,0.021436693146824837
2475181.IV.BDI..HH,1,0.99495554,0.005044460296630859
2475181.GU.GORR..HH,0,0.007014678,0.007014677859842777
2475181.GU.GRAM..HH,0,0.008258442,0.008258442394435406
2475181.IV.MSSA..HH,0,0.0019748688,0.0019748688209801912
2475181.IV.PII..HH,0,0.0015176618,0.0015176618471741676
2475181.GU.POPM..HH,1,0.9960005,0.003999471664428711
2475181.IV.T0911..EH,0,0.0032632498,0.003263249760493636
2475181.MN.VLC..HH,1,0.9964153,0.0035846829414367676
2475531.GU.EQUI..HH,1,0.99748605,0.0025139451026916504
2475531.GU.GRAM..HH,0,0.004310965,0.004310965072363615
2476001.GU.CARD..HH,0,0.08629931,0.08629930764436722
2476001.IV.ERBM..EH,1,0.9979465,0.002053499221801758
2476001.IV.PII..HH,0,0.18521988,0.1852198839187622
2476001.IV.PLMA..HH,1,0.98913115,0.010868847370147705
2476001.IV.T0911..EH,1,0.9968644,0.0031356215476989746
2478821.GU.CARD..HH,1,0.99138445,0.008615553379058838
2478821.GU.GRAM..HH,1,0.9957556,0.004244387149810791
2478821.MN.VLC..HH,1,0.99777764,0.0022223591804504395
2479469.IV.ARCI..HH,1,0.9929354,0.0070645809173583984
2479469.IV.BDI..HH,1,0.9955834,0.0044165849685668945
2479469.IV.BOB..HH,0,0.0017937177,0.0017937177326530218
2479469.IV.CAFI..HH,1,0.9959614,0.004038572311401367
2479469.IV.CRMI..HH,1,0.9921205,0.007879495620727539
2479469.IV.CSNT..HH,1,0.9974376,0.002562403678894043
2479469.IV.FNVD..HH,0,0.0021447958,0.0021447958424687386
2479469.SI.KOSI..HH,0,0.0011372621,0.001137262093834579
2479469.IV.MABI..HH,0,0.0015595462,0.0015595462173223495
2479469.IV.MSSA..HH,1,0.9968799,0.003120124340057373
2479469.IV.NOVE..EH,0,0.019088766,0.01908876560628414
2479469.IV.PARC..HH,1,0.99519575,0.004804253578186035
2479469.IV.PRMA..HH,1,0.9890573,0.010942697525024414
2479469.IV.RAVA..EH,0,0.0010743922,0.0010743922321125865
2479469.IV.ROVR..HH,1,0.9950605,0.0049394965171813965
2479469.IV.SACS..HH,1,0.9954291,0.004570901393890381
2479469.IV.SALO..HH,1,0.9977334,0.0022665858268737793
2479469.IV.SBPO..HH,1,0.9937421,0.006257891654968262
2479469.GU.SC2M..HH,1,0.99730253,0.002697467803955078
2479469.IV.SFI..EH,1,0.015708182,0.9842918179929256
2479469.IV.TRIF..HH,1,0.99510247,0.0048975348472595215
2479469.MN.TUE..HH,0,0.0013839101,0.0013839100720360875
2479469.IV.VARE..HH,0,0.0011517172,0.0011517171515151858
2479469.MN.VLC..HH,1,0.997007,0.002992987632751465
2479469.IV.ZCCA..HH,0,0.0013423989,0.0013423989294096828
2479599.IV.BOB..HH,0,0.0074997623,0.00749976234510541
2479599.IV.CRMI..HH,1,0.99614155,0.0038584470748901367
2479599.IV.MAGA..HH,1,0.99702144,0.0029785633087158203
2479599.IV.NOVE..EH,0,0.0024034693,0.002403469290584326
2479599.IV.PRMA..HH,0,0.018871091,0.018871091306209564
2479599.IV.ROVR..HH,1,0.9973645,0.002635478973388672
2479599.IV.SALO..HH,1,0.99315387,0.006846129894256592
2479599.IV.SBPO..HH,1,0.99409956,0.005900442600250244
2479599.IV.ZCCA..HH,0,0.0020606108,0.0020606108009815216
2479699.IV.MAGA..HH,1,0.99872863,0.001271367073059082
2479699.IV.RAVA..EH,0,0.0042747613,0.0042747613042593
2479699.IV.ROVR..HH,1,0.9984232,0.0015767812728881836
2479699.IV.SBPO..HH,1,0.9978585,0.0021414756774902344
2480219.SI.ABSI..HH,0,0.0013515919,0.0013515918981283903
2480219.NI.AGOR..HH,0,0.0013646751,0.0013646751176565886
2480219.IV.APPI..EH,0,0.00199289,0.0019928899127990007
2480219.MN.AQU..HH,1,0.99245447,0.007545530796051025
2480219.IV.ARCI..HH,1,0.9989003,0.001099705696105957
2480219.IV.ASQU..HH,1,0.998427,0.001573026180267334
2480219.IV.ATCC..EH,1,0.99783874,0.002161264419555664
2480219.IV.BDI..HH,0,0.0022470152,0.0022470152471214533
2480219.IV.BOB..HH,1,0.9976668,0.002333223819732666
2480219.IV.BRMO..HH,0,0.0014517994,0.001451799413189292
2480219.IV.CAFI..HH,1,0.9974586,0.0025414228439331055
2480219.IV.CASP..HH,0,0.0022232824,0.002223282353952527
2480219.IV.CESX..HH,1,0.9979767,0.0020232796669006348
2480219.IV.CING..HH,1,0.9915384,0.008461594581604004
2480219.IV.CRE..HH,1,0.9983542,0.001645803451538086
2480219.IV.CRMI..HH,0,0.0017495838,0.0017495837528258562
2480219.IV.CTI..HH,0,0.002113535,0.0021135350689291954
2480219.IV.CTL8..EH,0,0.0020019826,0.0020019826479256153
2480219.IV.FIU..EH,0,0.0011853629,0.0011853629257529974
2480219.IV.FNVD..HH,0,0.001358753,0.0013587529538199306
2480219.IV.FROS..HH,0,0.001177283,0.0011772830039262772
2480219.IV.FSSB..HH,1,0.9986355,0.0013645291328430176
2480219.IV.FVI..HH,0,0.0022440238,0.0022440238390117884
2480219.IV.GUAR..HH,1,0.13596426,0.8640357404947281
2480219.IV.INTR..HH,1,0.99619424,0.0038057565689086914
2480219.SI.KOSI..HH,0,0.0021422163,0.0021422163117676973
2480219.IV.LATE..HH,1,0.99813306,0.0018669366836547852
2480219.IV.MABI..HH,0,0.0023016164,0.0023016163613647223
2480219.IV.MAGA..HH,0,0.0026074876,0.0026074876077473164
2480219.GU.MAIM..HH,0,0.02279999,0.022799989208579063
2480219.IV.MAON..HH,0,0.0013665265,0.0013665264705196023
2480219.SI.MOSI..HH,0,0.0026361963,0.0026361963246017694
2480219.IV.MPAG..EH,1,0.99863064,0.0013693571090698242
2480219.IV.MSSA..HH,0,0.0040231566,0.0040231565944850445
2480219.IV.MURB..HH,1,0.9973066,0.0026934146881103516
2480219.GU.NEGI..HH,1,0.9986592,0.0013408064842224121
2480219.IV.NOVE..EH,0,0.0077058207,0.007705820724368095
2480219.IV.PARC..HH,1,0.99800736,0.001992642879486084
2480219.GU.PCP..HH,1,0.99881494,0.0011850595474243164
2480219.IV.POFI..HH,1,0.99342895,0.006571054458618164
2480219.IV.PRMA..HH,1,0.994225,0.005774974822998047
2480219.IV.PTQR..HH,1,0.99143136,0.008568644523620605
2480219.IV.QLNO..HH,1,0.9985908,0.0014091730117797852
2480219.IV.RAVA..EH,0,0.0022137642,0.002213764237239957
2480219.SI.RISI..HH,0,0.0030871448,0.003087144810706377
2480219.GU.RORO..HH,0,0.0017880371,0.0017880371306091547
2480219.SI.ROSI..HH,0,0.0011410258,0.0011410258011892438
2480219.IV.ROVR..HH,0,0.002394707,0.002394706942141056
2480219.IV.SACS..HH,1,0.99817914,0.0018208622932434082
2480219.IV.SALO..HH,0,0.00748245,0.0074824499897658825
2480219.GU.SC2M..HH,1,0.9980894,0.0019106268882751465
2480219.IV.SNTG..HH,1,0.99791926,0.0020807385444641113
2480219.GU.STV..HH,1,0.9964019,0.0035980939865112305
2480219.IV.TRIF..HH,0,0.0039230846,0.003923084586858749
2480219.MN.TUE..HH,0,0.014320464,0.014320463873445988
2480219.IV.VARE..HH,0,0.0029198865,0.0029198864940553904
2480219.MN.VLC..HH,1,0.9975128,0.0024871826171875
2480219.IV.VVLD..HH,1,0.9970209,0.002979099750518799
2480229.IV.MSSA..HH,1,0.99112236,0.00887763500213623
2480229.GU.SC2M..HH,1,0.998606,0.0013939738273620605
2480239.IV.BOB..HH,1,0.9983417,0.001658320426940918
2480399.IV.FNVD..HH,1,0.9983385,0.0016614794731140137
2482391.IV.BDI..HH,1,0.9981189,0.0018811225891113281
2482391.GU.CARD..HH,1,0.99794805,0.0020519495010375977
2482391.IV.ERBM..EH,0,0.0057634753,0.005763475317507982
2482391.GU.GRAM..HH,1,0.99824977,0.0017502307891845703
2482391.GU.MAIM..HH,1,0.9964149,0.0035851001739501953
2482391.GU.POPM..HH,1,0.99827105,0.0017289519309997559
2482391.MN.VLC..HH,1,0.9980472,0.001952826976776123
2482471.MN.VLC..HH,1,0.9964787,0.0035213232040405273
2484659.IV.BOB..HH,1,0.99862736,0.0013726353645324707
2486019.GU.MAIM..HH,1,0.9975603,0.0024396777153015137
2486469.IV.ERBM..EH,1,0.99467224,0.005327761173248291
2496009.IV.BDI..HH,1,0.9958416,0.004158377647399902
2496009.IV.ERBM..EH,0,0.0026418376,0.002641837578266859
2496009.IV.MSSA..HH,1,0.99845135,0.0015486478805541992
2496009.IV.PLMA..HH,1,0.9982821,0.0017179250717163086
2496009.IV.PRMA..HH,1,0.99459416,0.005405843257904053
2496009.MN.VLC..HH,1,0.9985528,0.0014472007751464844
2502079.IV.ERBM..EH,0,0.0025919136,0.002591913565993309
2502079.MN.VLC..HH,1,0.9986795,0.001320481300354004
2502079.IV.ZCCA..HH,1,0.9988736,0.001126408576965332
2502899.IV.ASQU..HH,0,0.011328138,0.011328138411045074
2502899.IV.BDI..HH,1,0.9988429,0.0011571049690246582
2502899.IV.ERBM..EH,0,0.0015358377,0.0015358376549556851
2502899.IV.FNVD..HH,1,0.99833614,0.0016638636589050293
2502899.GU.MAIM..HH,1,0.9981771,0.0018228888511657715
2502899.MN.VLC..HH,0,0.0028286413,0.002828641328960657
2502899.IV.ZCCA..HH,1,0.99886656,0.0011334419250488281
2504169.IV.ERBM..EH,0,0.9944669,0.9944669008255005
2504169.IV.ZCCA..HH,1,0.0013780915,0.9986219084821641
2504411.GU.GRAM..HH,1,0.9976507,0.0023493170738220215
2504411.IV.T0911..EH,1,0.9970914,0.0029085874557495117
2504411.MN.VLC..HH,1,0.9972979,0.0027021169662475586
2504441.IV.ERBM..EH,1,0.99736553,0.0026344656944274902
2504441.GU.GRAM..HH,1,0.99763715,0.002362847328186035
2507789.IV.FNVD..HH,1,0.9973129,0.00268709659576416
2511511.IV.BDI..HH,0,0.0028583182,0.002858318155631423
2511511.GU.EQUI..HH,1,0.9983722,0.001627802848815918
2511511.IV.ERBM..EH,1,0.9971692,0.002830803394317627
2511511.GU.GRAM..HH,1,0.99596334,0.004036664962768555
2511511.GU.POPM..HH,0,0.0034702783,0.0034702783450484276
2511511.IV.T0911..EH,1,0.9967357,0.003264307975769043
2534131.IV.CASP..HH,1,0.996137,0.0038629770278930664
2534131.IV.OSSC..HH,0,0.013094544,0.013094544410705566
2534131.IV.TRIF..HH,0,0.025715122,0.025715121999382973
2535781.IV.CAVE..HH,0,0.0032570474,0.0032570473849773407
2535781.IV.RAVA..EH,0,0.0020794244,0.002079424448311329
2537381.IV.RAVA..EH,0,0.0022852242,0.002285224152728915
2541401.IV.CAVE..HH,0,0.010581496,0.01058149617165327
2541401.GU.GRAM..HH,1,0.9963939,0.003606081008911133
2541401.IV.RAVA..EH,0,0.003667723,0.003667722921818495
2541401.IV.ROVR..HH,0,0.003212703,0.003212702926248312
2541401.IV.SERM..EH,0,0.0034147417,0.0034147417172789574
2541401.IV.TEOL..HH,0,0.003259951,0.003259951015934348
2541871.IV.BDI..HH,0,0.0065118363,0.006511836312711239
2541871.NI.CGRP..HH,0,0.0026693845,0.0026693844702094793
2541871.IV.CTI..HH,0,0.0047031334,0.00470313336700201
2541871.IV.ERBM..EH,0,0.008881755,0.00888175517320633
2541871.IV.FIU..EH,0,0.004620595,0.0046205949038267136
2541871.GU.GRAM..HH,1,0.99817544,0.0018245577812194824
2541871.SI.KOSI..HH,0,0.0020774533,0.0020774533040821552
2541871.SI.LUSI..HH,0,0.0024403876,0.0024403876159340143
2541871.IV.MABI..HH,0,0.007827287,0.00782728660851717
2541871.GU.MAIM..HH,0,0.0066756723,0.006675672251731157
2541871.IV.MTRZ..HH,0,0.4024421,0.4024420976638794
2541871.IV.RAVA..EH,0,0.002759106,0.0027591059915721416
2541871.IV.ROVR..HH,0,0.0014886652,0.0014886652352288365
2541871.IV.TEOL..HH,0,0.0018145872,0.001814587158150971
2541871.IV.ZCCA..HH,0,0.026008766,0.026008766144514084
2549451.GU.EQUI..HH,0,0.001292429,0.001292429049499333
2549451.IV.PRMA..HH,0,0.012860545,0.012860544957220554
2549451.IV.T0911..EH,0,0.0016920174,0.0016920174239203334
2558531.IV.BDI..HH,1,0.9981919,0.0018081068992614746
2558531.GU.POPM..HH,1,0.99789554,0.002104461193084717
2558531.IV.ZCCA..HH,0,0.003794499,0.003794498974457383
2559351.IV.BDI..HH,1,0.9976047,0.0023952722549438477
2559351.GU.POPM..HH,1,0.9929453,0.007054686546325684
2559351.IV.ZCCA..HH,0,0.007771268,0.007771268021315336
2560381.IV.BDI..HH,1,0.9980146,0.0019853711128234863
2560381.IV.FNVD..HH,1,0.9958284,0.004171609878540039
2560381.GU.POPM..HH,1,0.99270666,0.007293343544006348
2560381.IV.ZCCA..HH,0,0.0044475435,0.004447543527930975
2561061.IV.BDI..HH,1,0.99598145,0.004018545150756836
2561061.GU.CARD..HH,1,0.9953795,0.004620492458343506
2561061.IV.ERBM..EH,1,0.6409267,0.359073281288147
2561061.IV.FNVD..HH,1,0.9981827,0.0018172860145568848
2561061.GU.MAIM..HH,0,0.0046757204,0.004675720352679491
2561061.GU.POPM..HH,1,0.9980667,0.001933276653289795
2561061.IV.SEI..HH,1,0.9946602,0.00533980131149292
2561061.MN.VLC..HH,1,0.9952931,0.004706919193267822
2561061.IV.ZCCA..HH,0,0.0047647916,0.004764791578054428
2561861.GU.EQUI..HH,1,0.9982297,0.001770317554473877
2561861.IV.ERBM..EH,1,0.04552677,0.9544732309877872
2561861.GU.GRAM..HH,1,0.9971627,0.0028373003005981445
2561861.IV.MSSA..HH,1,0.99828213,0.0017178654670715332
2561861.GU.PCP..HH,1,0.9964724,0.0035275816917419434
2561861.IV.PII..HH,0,0.15943964,0.15943963825702667
2561861.GU.POPM..HH,1,0.9508454,0.049154579639434814
2561861.IV.T0911..EH,1,0.99452275,0.005477249622344971
2561861.MN.VLC..HH,0,0.11104931,0.11104930937290192
2564091.IV.BDI..HH,0,0.0030527564,0.0030527564231306314
2564091.GU.CARD..HH,0,0.010319247,0.010319246910512447
2564091.GU.EQUI..HH,1,0.98881924,0.011180758476257324
2564091.IV.ERBM..EH,1,0.998033,0.001967012882232666
2564091.GU.GRAM..HH,1,0.99844396,0.0015560388565063477
2564091.GU.POPM..HH,0,0.003943831,0.003943831194192171
2564091.IV.T0911..EH,1,0.9977543,0.0022457242012023926
2564091.MN.VLC..HH,0,0.042708814,0.04270881414413452
2564201.GU.EQUI..HH,0,0.008686709,0.008686709217727184
2564201.IV.ERBM..EH,1,0.99850905,0.001490950584411621
2564351.IV.BDI..HH,0,0.0037287397,0.003728739684447646
2564351.GU.CARD..HH,1,0.99567384,0.004326164722442627
2564351.IV.ERBM..EH,1,0.9983689,0.0016310811042785645
2564351.GU.GRAM..HH,1,0.9983893,0.0016106963157653809
2564351.IV.PII..HH,0,0.026094195,0.026094194501638412
2564351.GU.POPM..HH,0,0.005511947,0.005511946976184845
2564351.IV.T0911..EH,1,0.9947966,0.005203425884246826
2565511.GU.GRAM..HH,1,0.9981267,0.001873314380645752
2590851.IV.RAVA..EH,0,0.0010023204,0.0010023204376921058
2597781.GU.GRAM..HH,1,0.9978594,0.0021405816078186035
2597781.IV.T0911..EH,1,0.9984675,0.0015324950218200684
2597781.MN.VLC..HH,1,0.99841344,0.0015865564346313477
2600901.IV.BDI..HH,1,0.75850064,0.24149936437606812
2600901.GU.CARD..HH,1,0.7340987,0.2659013271331787
2600901.IV.CRMI..HH,1,0.43919876,0.560801237821579
2600901.GU.EQUI..HH,1,0.9925589,0.007441103458404541
2600901.IV.ERBM..EH,0,0.0048825047,0.00488250469788909
2600901.GU.GRAM..HH,1,0.9866191,0.013380885124206543
2600901.GU.MAIM..HH,1,0.42384514,0.5761548578739166
2600901.IV.MSSA..HH,0,0.009297189,0.009297189302742481
2600901.IV.PII..HH,0,0.020919364,0.02091936394572258
2600901.IV.PLMA..HH,1,0.98330027,0.01669973134994507
2600901.IV.T0911..EH,1,0.9939231,0.0060768723487854
2600901.MN.VLC..HH,1,0.01721109,0.982788909226656
2602901.IV.BDI..HH,1,0.98539656,0.01460343599319458
2602901.GU.CARD..HH,0,0.45092866,0.450928658246994
2602901.GU.EQUI..HH,1,0.99293363,0.00706636905670166
2602901.IV.ERBM..EH,1,0.9884245,0.011575520038604736
2602901.GU.MAIM..HH,1,0.17625293,0.82374706864357
2602901.IV.MTCR..EH,0,0.002357383,0.0023573830258101225
2602901.IV.PII..HH,1,0.011991764,0.9880082355812192
2602901.IV.PLMA..HH,1,0.97075355,0.02924644947052002
2602901.GU.POPM..HH,0,0.013538732,0.013538732193410397
2602901.MN.VLC..HH,1,0.9983346,0.0016654133796691895
2610361.IV.RAVA..EH,0,0.006211363,0.006211362779140472
2626341.IV.BDI..HH,1,0.9733515,0.026648521423339844
2626341.IV.ERBM..EH,1,0.99811083,0.0018891692161560059
2626341.GU.GRAM..HH,1,0.99835473,0.0016452670097351074
2626341.IV.PII..HH,1,0.97959435,0.02040565013885498
2626341.IV.PLMA..HH,1,0.99822235,0.00177764892578125
2626341.GU.POPM..HH,1,0.98147124,0.018528759479522705
2626341.MN.VLC..HH,1,0.41124213,0.5887578725814819
2626781.IV.ERBM..EH,1,0.99563897,0.0043610334396362305
2626781.GU.GRAM..HH,1,0.9972485,0.0027515292167663574
2626781.IV.PLMA..HH,1,0.9988215,0.0011785030364990234
2626781.MN.VLC..HH,1,0.99619514,0.0038048624992370605
2628291.IV.BDI..HH,1,0.9864533,0.01354670524597168
2628291.IV.ERBM..EH,1,0.99784636,0.002153635025024414
2628291.IV.FNVD..HH,0,0.0042429734,0.004242973402142525
2628291.GU.MAIM..HH,1,0.9975982,0.0024018287658691406
2628291.IV.MSSA..HH,1,0.9730023,0.026997685432434082
2628291.IV.PII..HH,0,0.014508822,0.014508822001516819
2628291.IV.PLMA..HH,1,0.99662596,0.003374040126800537
2628291.MN.VLC..HH,1,0.99674493,0.0032550692558288574
2639591.IV.RAVA..EH,0,0.005088399,0.005088399164378643
2641011.IV.FNVD..HH,1,0.9809296,0.01907038688659668
2641011.IV.MTRZ..HH,0,0.009860247,0.009860247373580933
2641011.IV.SFI..EH,0,0.007895264,0.007895263843238354
2651451.GU.MAIM..HH,0,0.029342033,0.029342032968997955
2651451.MN.VLC..HH,0,0.0012040995,0.0012040995061397552
2659301.IV.CASP..HH,1,0.99701077,0.0029892325401306152
2659301.IV.CSNT..HH,1,0.9979676,0.0020323991775512695
2659301.IV.OSSC..HH,1,0.9978325,0.00216752290725708
2662531.IV.BDI..HH,0,0.0039563016,0.003956301603466272
2662531.IV.ERBM..EH,1,0.99761313,0.0023868680000305176
2662531.GU.GRAM..HH,1,0.9977911,0.002208888530731201
2662531.MN.VLC..HH,1,0.99549603,0.004503965377807617
2670231.GU.MAIM..HH,1,0.9981477,0.001852273941040039
2670231.IV.PII..HH,1,0.99877995,0.0012200474739074707
2670231.GU.POPM..HH,1,0.9987453,0.0012546777725219727
2674231.IV.ASQU..HH,1,0.99832517,0.0016748309135437012
2674231.GU.CARD..HH,1,0.99850816,0.001491844654083252
2674231.IV.CRMI..HH,1,0.99890935,0.0010906457901000977
2674231.GU.EQUI..HH,0,0.0031859693,0.0031859693117439747
2674231.IV.FNVD..HH,1,0.9978849,0.0021150708198547363
2674231.GU.GORR..HH,0,0.0030585406,0.0030585406348109245
2674231.GU.GRAM..HH,0,0.0015538002,0.0015538001898676157
2674231.GU.MAIM..HH,1,0.99759597,0.00240403413772583
2674231.IV.MSSA..HH,0,0.005328853,0.005328853148967028
2674231.IV.PII..HH,1,0.99733543,0.0026645660400390625
2674231.IV.PLMA..HH,0,0.0032125884,0.0032125883735716343
2674231.GU.POPM..HH,1,0.99832165,0.0016783475875854492
2674231.IV.RUFI..EH,1,0.99826974,0.0017302632331848145
2674231.IV.SEI..HH,1,0.99823546,0.001764535903930664
2674231.IV.SFI..EH,1,0.99677026,0.0032297372817993164
2674231.IV.T0911..EH,0,0.0044051707,0.004405170679092407
2674231.IV.TRIF..HH,1,0.99633425,0.003665745258331299
2674231.MN.VLC..HH,1,0.99462163,0.005378365516662598
2674271.IV.CRMI..HH,1,0.9966489,0.0033510923385620117
2674271.GU.MAIM..HH,1,0.99832153,0.001678466796875
2674271.IV.PII..HH,1,0.9954414,0.00455862283706665
2674271.GU.POPM..HH,1,0.9971584,0.0028415918350219727
2674431.GU.CARD..HH,1,0.9910083,0.008991718292236328
2674431.IV.CRMI..HH,1,0.995552,0.004447996616363525
2674431.GU.EQUI..HH,1,0.35040984,0.6495901644229889
2674431.GU.MAIM..HH,1,0.99625325,0.0037467479705810547
2674431.IV.PII..HH,1,0.99761796,0.002382040023803711
2674431.IV.PLMA..HH,1,0.98534274,0.014657258987426758
2685751.IV.ERBM..EH,1,0.9962101,0.0037899017333984375
2685751.IV.PII..HH,1,0.99797696,0.002023041248321533
2685751.MN.VLC..HH,0,0.0033789494,0.003378949360921979
2687361.IV.ERBM..EH,1,0.9977685,0.0022314786911010742
2687361.MN.VLC..HH,1,0.99770397,0.0022960305213928223
2691191.MN.VLC..HH,1,0.998423,0.0015770196914672852
2695201.IV.CRMI..HH,1,0.9960874,0.003912627696990967
2695201.IV.ERBM..EH,0,0.0025911655,0.002591165481135249
2695201.IV.FNVD..HH,0,0.033302322,0.033302322030067444
2695201.GU.MAIM..HH,1,0.99585116,0.00414884090423584
2695201.IV.PII..HH,0,0.05892796,0.05892796069383621
2695201.IV.PLMA..HH,0,0.0017300723,0.0017300723120570183
2695201.GU.POPM..HH,1,0.9976609,0.0023391246795654297
2695201.MN.VLC..HH,1,0.9984199,0.0015801191329956055
2695201.IV.ZCCA..HH,0,0.0011140492,0.0011140492279082537
2713041.IV.ERBM..EH,1,0.99467695,0.005323052406311035
2713041.GU.GRAM..HH,1,0.9975292,0.0024707913398742676
2713041.GU.MAIM..HH,0,0.09939522,0.09939522296190262
2713041.IV.T0911..EH,1,0.98190296,0.01809704303741455
2713041.MN.VLC..HH,0,0.0019431093,0.0019431093242019415
2713131.IV.CAFI..HH,1,0.996595,0.003404974937438965
2713131.IV.CASP..HH,1,0.9959604,0.004039585590362549
2713131.IV.CRMI..HH,1,0.9973163,0.002683699131011963
2713131.IV.CSNT..HH,1,0.9978898,0.0021101832389831543
2713131.IV.FROS..HH,1,0.9975296,0.00247037410736084
2713131.IV.MCIV..HH,0,0.03302085,0.03302085027098656
2713131.IV.PII..HH,1,0.9924339,0.007566094398498535
2713131.IV.TRIF..HH,0,0.9963424,0.9963424205780029
2720051.IV.BDI..HH,1,0.9981463,0.0018537044525146484
2720051.IV.FNVD..HH,0,0.003924885,0.003924884833395481
2720051.GU.POPM..HH,1,0.9968987,0.0031012892723083496
2720051.IV.ZCCA..HH,1,0.9972364,0.0027636289596557617
2733271.IV.RAVA..EH,0,0.0022584961,0.0022584961261600256
2743371.IV.MSSA..HH,1,0.015577869,0.9844221314415336
2756771.GU.GRAM..HH,0,0.004864584,0.0048645841889083385
2756771.IV.MSSA..HH,1,0.99877286,0.0012271404266357422
2757941.IV.MTCR..EH,1,0.9979854,0.0020145773887634277
2768961.IV.BOB..HH,0,0.0031674225,0.0031674224883317947
2768961.IV.ROVR..HH,0,0.015998185,0.01599818468093872
2772121.IV.RAVA..EH,0,0.0023740549,0.002374054864048958
2777561.GU.GRAM..HH,1,0.9964304,0.0035696029663085938
2779251.IV.BDI..HH,1,0.93120927,0.0687907338142395
2779251.IV.ERBM..EH,1,0.9978851,0.00211489200592041
2779251.GU.GRAM..HH,1,0.99707717,0.00292283296585083
2779251.GU.MAIM..HH,0,0.006146668,0.006146667990833521
2779251.IV.MSSA..HH,1,0.99548745,0.0045125484466552734
2779251.IV.PII..HH,0,0.0046357275,0.004635727498680353
2779251.GU.POPM..HH,1,0.9910356,0.0089644193649292
2780301.GU.EQUI..HH,1,0.997151,0.002848982810974121
2780301.IV.ERBM..EH,0,0.004247157,0.0042471569031476974
2780301.IV.FNVD..HH,1,0.98878556,0.01121443510055542
2780301.GU.MAIM..HH,1,0.9985006,0.0014994144439697266
2780301.IV.MTCR..EH,1,0.9983091,0.0016909241676330566
2780301.IV.PII..HH,1,0.99889064,0.0011093616485595703
2780301.MN.VLC..HH,0,0.016808216,0.016808215528726578
2780711.IV.BDI..HH,0,0.00910873,0.009108729660511017
2780711.GU.MAIM..HH,0,0.011373252,0.011373251676559448
2780711.IV.MTCR..EH,0,0.00617399,0.006173990201205015
2784411.GU.EQUI..HH,1,0.9955,0.004499971866607666
2784491.IV.FROS..HH,1,0.99849904,0.0015009641647338867
2789301.GU.CARD..HH,1,0.99574035,0.004259645938873291
2789301.GU.MAIM..HH,1,0.9977522,0.0022478103637695312
2789301.IV.MTCR..EH,1,0.99877894,0.0012210607528686523
2789301.IV.PII..HH,1,0.99806726,0.0019327402114868164
2797251.IV.RAVA..EH,0,0.006538952,0.0065389517694711685
2797281.IV.CSNT..HH,1,0.99651927,0.0034807324409484863
2797281.IV.RAVA..EH,0,0.0022096944,0.002209694357588887
2802051.GU.CARD..HH,0,0.0060352585,0.006035258527845144
2802051.IV.CRMI..HH,1,0.9989908,0.001009225845336914
2802051.IV.CSNT..HH,0,0.004248428,0.004248428158462048
2802051.IV.FROS..HH,0,0.0025259652,0.002525965217500925
2802051.GU.MAIM..HH,0,0.0034205676,0.0034205676056444645
2802051.IV.OSSC..HH,0,0.0015265268,0.001526526757515967
2806991.GU.GRAM..HH,1,0.9887918,0.011208176612854004
2807841.IV.CRMI..HH,0,0.00990466,0.009904660284519196
2807841.GU.EQUI..HH,1,0.9907348,0.00926518440246582
2807841.IV.ERBM..EH,0,0.008629223,0.008629223331809044
2807841.IV.FNVD..HH,1,0.9906881,0.009311914443969727
2807841.IV.MTCR..EH,1,0.9982951,0.001704871654510498
2807841.IV.SEI..HH,1,0.9972375,0.0027624964714050293
2807841.MN.VLC..HH,1,0.9873812,0.012618780136108398
2808991.NI.CGRP..HH,1,0.99480265,0.005197346210479736
2808991.SI.MOSI..HH,0,0.09899889,0.09899888932704926
2820821.IV.BDI..HH,1,0.9986702,0.0013297796249389648
2820821.IV.ERBM..EH,0,0.0060039917,0.006003991700708866
2820821.IV.FNVD..HH,1,0.9976024,0.002397596836090088
2820821.GU.MAIM..HH,1,0.99649477,0.003505229949951172
2820821.GU.POPM..HH,1,0.99655056,0.0034494400024414062
2820821.MN.VLC..HH,0,0.003744647,0.003744646906852722
2820821.IV.ZCCA..HH,1,0.99839884,0.0016011595726013184
2822221.IV.ERBM..EH,1,0.9985588,0.00144118070602417
2822221.GU.GRAM..HH,1,0.9950755,0.004924476146697998
2892421.IV.CRMI..HH,1,0.9979253,0.002074718475341797
2892421.GU.MAIM..HH,0,0.0099363625,0.009936362504959106
2892421.IV.RUFI..EH,1,0.9944913,0.005508720874786377
2903191.IV.BDI..HH,1,0.99401295,0.005987048149108887
2903191.IV.FNVD..HH,1,0.9981632,0.0018367767333984375
2903191.IV.MTCR..EH,0,0.004222335,0.004222334828227758
2903191.GU.POPM..HH,0,0.003110225,0.0031102250795811415
2903191.IV.SEI..HH,1,0.9986541,0.0013458728790283203
2933171.IV.CAVE..HH,1,0.9968992,0.0031008124351501465
2933171.IV.RAVA..EH,1,0.71406996,0.2859300374984741
2954381.IV.MTRZ..HH,1,0.97266185,0.027338147163391113
2954381.IV.RAVA..EH,0,0.00677503,0.006775029934942722
2954381.IV.ROVR..HH,0,0.003332585,0.003332585096359253
2962861.GU.CARD..HH,1,0.9968696,0.0031303763389587402
2962861.GU.MAIM..HH,1,0.99774176,0.0022582411766052246
2962861.IV.RUFI..EH,0,0.0034458681,0.0034458681475371122
2975081.IV.BDI..HH,1,0.97824234,0.021757662296295166
2975081.MN.VLC..HH,0,0.0108673815,0.01086738146841526
2980941.IV.BDI..HH,1,0.9889143,0.011085689067840576
2980941.IV.ERBM..EH,1,0.8393936,0.16060638427734375
2980941.GU.GRAM..HH,1,0.9048317,0.09516829252243042
2980941.IV.NOVE..EH,1,0.52802914,0.4719708561897278
2980941.IV.PRMA..HH,0,0.35599706,0.3559970557689667
2981351.GU.CARD..HH,0,0.029468305,0.02946830540895462
2981351.IV.MTCR..EH,1,0.9565271,0.043472886085510254
2983641.GU.CARD..HH,1,0.9982922,0.0017077922821044922
2983641.MN.VLC..HH,1,0.9980027,0.0019972920417785645
2988261.GU.MAIM..HH,1,0.99703854,0.002961456775665283
2996881.IV.BOB..HH,1,0.99532884,0.004671156406402588
2996881.GU.EQUI..HH,1,0.98598945,0.01401054859161377
2996881.GU.GRAM..HH,1,0.9976346,0.002365410327911377
3066721.GU.EQUI..HH,1,0.9955484,0.004451572895050049
3066721.GU.GRAM..HH,1,0.9965391,0.0034608840942382812
3073641.GU.GRAM..HH,1,0.9984407,0.0015593171119689941
3074971.GU.GRAM..HH,1,0.9980524,0.0019475817680358887
3075931.IV.TRIF..HH,1,0.99838173,0.0016182661056518555
3076701.IV.ROVR..HH,0,0.005034537,0.0050345370545983315
3079581.IV.ERBM..EH,1,0.8473982,0.15260177850723267
3079581.GU.GRAM..HH,1,0.97325426,0.026745736598968506
3079581.MN.VLC..HH,1,0.96508694,0.034913063049316406
3085881.MN.VLC..HH,1,0.99896514,0.001034855842590332
3099481.IV.BRIS..HH,0,0.005674394,0.005674393847584724
3099481.IV.LMD..HH,1,0.9988423,0.0011577010154724121
3099481.IV.SEI..HH,1,0.98078936,0.019210636615753174
3102771.GU.EQUI..HH,1,0.996657,0.0033429861068725586
3104031.IV.BDI..HH,1,0.9800462,0.019953787326812744
3104031.GU.CARD..HH,1,0.9912639,0.008736073970794678
3104031.IV.MTCR..EH,1,0.9951108,0.004889190196990967
3104031.GU.POPM..HH,1,0.9937583,0.0062416791915893555
3104031.IV.ZCCA..HH,0,0.0033307627,0.003330762730911374
3106501.IV.BDI..HH,1,0.9914371,0.008562922477722168
3106501.IV.MTCR..EH,1,0.9977947,0.0022053122520446777
3106501.GU.POPM..HH,1,0.98824,0.01175999641418457
3126011.IV.CASP..HH,1,0.99191993,0.008080065250396729
3126011.IV.CRMI..HH,1,0.9987339,0.0012661218643188477
3126011.IV.CSNT..HH,1,0.99821967,0.0017803311347961426
3126011.IV.FROS..HH,0,0.0115076555,0.011507655493915081
3126011.IV.OSSC..HH,1,0.9978156,0.0021843910217285156
3126011.IV.TRIF..HH,1,0.998389,0.0016109943389892578
3131121.IV.FNVD..HH,1,0.99799067,0.0020093321800231934
3131121.IV.MTCR..EH,0,0.00347172,0.0034717200323939323
3131121.IV.MTRZ..HH,1,0.9982001,0.0017998814582824707
3131121.IV.SEI..HH,0,0.0033658654,0.0033658654429018497
3138521.GU.GRAM..HH,0,0.0025764413,0.0025764412712305784
3138521.IV.PRMA..HH,0,0.04403664,0.04403664171695709
3167191.IV.BDI..HH,1,0.99752235,0.0024776458740234375
3167191.GU.EQUI..HH,1,0.99813807,0.0018619298934936523
3167191.GU.GRAM..HH,1,0.99729174,0.002708256244659424
3167191.GU.MAIM..HH,0,0.010251225,0.010251224972307682
3167191.IV.PLMA..HH,1,0.99449486,0.0055051445960998535
3167191.GU.POPM..HH,0,0.1432979,0.14329789578914642
3167191.MN.VLC..HH,1,0.99716836,0.0028316378593444824
3177041.IV.BRIS..HH,0,0.040414516,0.040414515882730484
3177041.IV.LMD..HH,1,0.8645089,0.13549107313156128
3177041.IV.RAVA..EH,0,0.018720755,0.018720755353569984
3177041.IV.SFI..EH,0,0.0059066517,0.0059066517278552055
3186541.IV.BDI..HH,1,0.9984668,0.001533210277557373
3186541.IV.ERBM..EH,0,0.003730873,0.0037308731116354465
3186541.GU.POPM..HH,1,0.9991293,0.0008707046508789062
3186641.IV.BOB..HH,0,0.9981017,0.9981017112731934
3186641.GU.GORR..HH,1,0.9969537,0.003046274185180664
3186641.GU.GRAM..HH,1,0.9972499,0.002750098705291748
3186641.IV.MSSA..HH,1,0.998266,0.001734018325805664
3186641.GU.PCP..HH,0,0.0028803071,0.0028803071472793818
3192911.IV.SERM..EH,0,0.4826966,0.4826965928077698
3192911.IV.TEOL..HH,1,0.99873674,0.001263260841369629
3196181.IV.CAVE..HH,0,0.010214385,0.010214384645223618
3208111.IV.LMD..HH,1,0.9985264,0.0014736056327819824
3208591.IV.FNVD..HH,0,0.01061054,0.010610540397465229
3208591.IV.LMD..HH,1,0.998152,0.001847982406616211
3208591.IV.MTCR..EH,0,0.0016564155,0.0016564155230298638
3208591.IV.MTRZ..HH,1,0.9984736,0.0015264153480529785
3208591.IV.RUFI..EH,0,0.0018018092,0.001801809179596603
3221941.IV.ATVO..HH,1,0.9337959,0.06620407104492188
3221941.IV.BADI..EH,0,0.012868556,0.012868556194007397
3221941.IV.CAFI..HH,1,0.9818734,0.018126606941223145
3221941.IV.CPGN..EH,1,0.99383646,0.006163537502288818
3221941.IV.FNVD..HH,0,0.004288259,0.004288258962333202
3221941.IV.MTCR..EH,0,0.0018166682,0.0018166681984439492
3221941.IV.MTRZ..HH,1,0.99817383,0.001826167106628418
3221941.IV.OSSC..HH,0,0.017349485,0.0173494853079319
3221941.GU.POPM..HH,0,0.010289642,0.01028964202851057
3221941.IV.RUFI..EH,0,0.0015481603,0.001548160333186388
3221941.IV.SEI..HH,0,0.0024188326,0.0024188326206058264
3221941.IV.SFI..EH,1,0.99572974,0.0042702555656433105
3222961.GU.EQUI..HH,1,0.9973025,0.0026975274085998535
3222961.IV.ERBM..EH,0,0.056375585,0.05637558549642563
3222961.GU.GORR..HH,1,0.99750364,0.00249636173248291
3222961.GU.GRAM..HH,1,0.9938166,0.0061833858489990234
3222961.SI.LUSI..HH,0,0.023554211,0.023554211482405663
3222961.IV.MSSA..HH,0,0.0027542135,0.002754213521257043
3222961.IV.PII..HH,1,0.9932996,0.006700396537780762
3222961.IV.SALO..HH,0,0.008798342,0.008798342198133469
3314121.IV.BDI..HH,1,0.9972562,0.0027437806129455566
3314121.IV.CRMI..HH,1,0.9972049,0.002795100212097168
3314121.GU.EQUI..HH,1,0.9893371,0.01066291332244873
3314121.IV.ERBM..EH,1,0.99016446,0.009835541248321533
3314121.IV.FNVD..HH,1,0.9973967,0.002603292465209961
3314121.GU.GRAM..HH,0,0.014035171,0.014035170897841454
3314121.GU.MAIM..HH,1,0.9971914,0.0028085708618164062
3314121.IV.PII..HH,1,0.9862756,0.01372438669204712
3314121.MN.VLC..HH,1,0.9974069,0.002593100070953369
3314121.IV.ZCCA..HH,1,0.9987454,0.0012546181678771973
3318811.IV.BDI..HH,1,0.9982974,0.0017026066780090332
3318811.GU.CARD..HH,1,0.9976424,0.0023576021194458008
3318811.GU.EQUI..HH,1,0.99610513,0.0038948655128479004
3318811.IV.ERBM..EH,0,0.7293541,0.7293540835380554
3318811.IV.FNVD..HH,1,0.99737614,0.0026238560676574707
3318811.GU.GRAM..HH,1,0.79619604,0.20380395650863647
3318811.IV.MTCR..EH,1,0.9978677,0.0021322965621948242
3318811.IV.PII..HH,1,0.9976254,0.002374589443206787
3318811.MN.VLC..HH,1,0.99822974,0.0017702579498291016
3318811.IV.ZCCA..HH,1,0.9983371,0.001662909984588623
3347511.IV.CAVE..HH,1,0.9979013,0.002098679542541504
3347871.IV.BDI..HH,1,0.99725604,0.002743959426879883
3347871.GU.CARD..HH,1,0.9863114,0.013688623905181885
3347871.GU.POPM..HH,1,0.9972971,0.0027028918266296387
3347871.IV.ZCCA..HH,1,0.96727484,0.03272515535354614
3388641.IV.ERBM..EH,0,0.004123567,0.004123567137867212
3388641.GU.GRAM..HH,1,0.9982501,0.001749873161315918
3388641.MN.VLC..HH,1,0.9947282,0.005271792411804199
3435121.IV.BDI..HH,1,0.99834114,0.0016588568687438965
3435121.GU.CARD..HH,1,0.9986266,0.0013734102249145508
3435121.IV.CRMI..HH,1,0.9979031,0.002096891403198242
3435121.IV.FNVD..HH,1,0.9971292,0.002870798110961914
3435121.GU.MAIM..HH,1,0.9985073,0.0014926791191101074
3435121.IV.MTCR..EH,1,0.99882543,0.0011745691299438477
3435121.IV.PII..HH,1,0.998271,0.0017290115356445312
3435121.GU.POPM..HH,1,0.99751306,0.0024869441986083984
3435121.MN.VLC..HH,1,0.9974991,0.00250089168548584
3435121.IV.ZCCA..HH,1,0.9958126,0.004187405109405518
3474921.GU.GRAM..HH,0,0.6070227,0.6070227026939392
3475241.GU.EQUI..HH,1,0.9261858,0.07381421327590942
3475241.IV.ERBM..EH,0,0.00253594,0.0025359399151057005
3475241.IV.PRMA..HH,0,0.63602585,0.6360258460044861
3475281.IV.ERBM..EH,0,0.059654273,0.059654273092746735
3475551.IV.ERBM..EH,0,0.0044599944,0.004459994379431009
3475551.IV.MTCR..EH,0,0.013847404,0.013847404159605503
3475551.IV.PRMA..HH,0,0.16708699,0.16708698868751526
3475651.IV.ERBM..EH,0,0.0029165584,0.002916558412835002
3475731.IV.ERBM..EH,0,0.4548942,0.45489421486854553
3475731.GU.GRAM..HH,1,0.41391402,0.5860859751701355
3475731.IV.PRMA..HH,0,0.10112129,0.10112129151821136
3475781.IV.ERBM..EH,0,0.003626243,0.0036262429784983397
3500601.GU.EQUI..HH,1,0.99632573,0.0036742687225341797
3500601.IV.ERBM..EH,1,0.9983461,0.001653909683227539
3500601.GU.GRAM..HH,1,0.9979176,0.0020824074745178223
3500601.IV.PLMA..HH,1,0.99672294,0.0032770633697509766
3509901.IV.ARCI..HH,0,0.007323922,0.007323922123759985
3509901.IV.BDI..HH,1,0.9954511,0.004548907279968262
3509901.IV.CRMI..HH,1,0.99809045,0.0019095540046691895
3509901.IV.CSNT..HH,1,0.9933526,0.0066474080085754395
3509901.IV.FROS..HH,1,0.99789363,0.0021063685417175293
3509901.IV.MCIV..HH,0,0.41726336,0.41726335883140564
3509901.IV.OSSC..HH,1,0.99806195,0.0019380450248718262
3509901.IV.PII..HH,1,0.99879295,0.0012070536613464355
3509901.IV.TRIF..HH,0,0.0019059071,0.001905907061882317
3545821.GU.CARD..HH,1,0.98862094,0.011379063129425049
3545821.IV.ERBM..EH,1,0.99860317,0.0013968348503112793
3545821.GU.GRAM..HH,1,0.9956123,0.00438767671585083
3545821.GU.MAIM..HH,1,0.99582934,0.004170656204223633
3545821.IV.MTCR..EH,1,0.99236286,0.007637143135070801
3545821.GU.POPM..HH,0,0.084757395,0.08475739508867264
3545821.MN.VLC..HH,1,0.99837875,0.001621246337890625
3575401.IV.BDI..HH,1,0.99717087,0.002829134464263916
3575401.GU.CARD..HH,1,0.9938165,0.006183505058288574
3575401.IV.FNVD..HH,1,0.997784,0.0022159814834594727
3575401.IV.MAGA..HH,0,0.009699454,0.009699453599750996
3575401.IV.MTCR..EH,1,0.9982225,0.0017775297164916992
3575401.IV.PII..HH,1,0.9977622,0.0022377967834472656
3575401.GU.POPM..HH,1,0.99694735,0.003052651882171631
3575401.IV.SEI..HH,0,0.0069906916,0.006990691646933556
3575401.MN.VLC..HH,1,0.9976427,0.002357304096221924
3575401.IV.ZCCA..HH,1,0.99867463,0.001325368881225586
3604531.IV.ASQU..HH,0,0.00295142,0.002951419912278652
3604531.IV.BRIS..HH,0,0.008166076,0.008166075684130192
3604531.IV.CRE..HH,0,0.0014230934,0.0014230933738872409
3604531.IV.CRMI..HH,0,0.0011693693,0.0011693693231791258
3604531.IV.LMD..HH,1,0.9965248,0.003475189208984375
3604531.IV.MTRZ..HH,1,0.9970828,0.002917170524597168
3604531.IV.PARC..HH,1,0.9959518,0.0040482282638549805
3604531.IV.RUFI..EH,0,0.0019751883,0.0019751882646232843
3604531.IV.SEI..HH,0,0.002238085,0.002238085027784109
3619001.IV.CRMI..HH,1,0.9960762,0.003923773765563965
3619001.IV.FNVD..HH,1,0.99165976,0.008340239524841309
3619001.IV.MTCR..EH,1,0.9969043,0.003095686435699463
3619001.GU.POPM..HH,1,0.9981858,0.0018141865730285645
3619001.IV.ZCCA..HH,1,0.95388365,0.04611635208129883
3624191.IV.BDI..HH,1,0.99832034,0.0016796588897705078
3624191.GU.CARD..HH,1,0.99781126,0.002188742160797119
3624191.IV.MTCR..EH,1,0.9965208,0.003479182720184326
3624191.GU.POPM..HH,1,0.9941578,0.0058422088623046875
3624191.IV.ZCCA..HH,0,0.06136786,0.061367858201265335
3633491.IV.ARCI..HH,0,0.7326108,0.732610821723938
3633491.IV.CAFI..HH,0,0.005679093,0.005679092835634947
3633491.IV.CASP..HH,1,0.97587967,0.024120330810546875
3633491.IV.CRMI..HH,1,0.9885465,0.011453509330749512
3633491.IV.CSNT..HH,1,0.9656165,0.03438347578048706
3633491.IV.FROS..HH,0,0.017324032,0.01732403226196766
3633491.IV.MAON..HH,1,0.997034,0.002965986728668213
3633491.IV.OSSC..HH,1,0.9948947,0.005105316638946533
3633491.IV.RUFI..EH,0,0.0137973055,0.013797305524349213
3633491.IV.TRIF..HH,1,0.99823606,0.0017639398574829102
3635801.IV.ZCCA..HH,1,0.9705612,0.029438793659210205
3646121.IV.ASQU..HH,0,0.016187115,0.016187114641070366
3646121.IV.BDI..HH,1,0.9847151,0.015284895896911621
3646121.IV.BRIS..HH,1,0.99511486,0.00488513708114624
3646121.IV.CRE..HH,1,0.825148,0.17485201358795166
3646121.IV.CRMI..HH,1,0.94019943,0.059800565242767334
3646121.IV.FNVD..HH,1,0.98696405,0.013035953044891357
3646121.IV.LMD..HH,0,0.020483177,0.02048317715525627
3646121.IV.MTCR..EH,0,0.022381317,0.022381316870450974
3646121.IV.MTRZ..HH,1,0.9971368,0.0028632283210754395
3646121.IV.OSSC..HH,1,0.1996968,0.8003032058477402
3646121.GU.POPM..HH,1,0.9023341,0.09766590595245361
3646121.IV.RUFI..EH,0,0.019786214,0.01978621445596218
3646121.IV.SEI..HH,1,0.069872715,0.9301272854208946
3646121.IV.SFI..EH,0,0.0028455008,0.0028455008286982775
3646121.MN.VLC..HH,1,0.98868686,0.011313140392303467
3646121.IV.ZCCA..HH,1,0.9829396,0.017060399055480957
3659341.IV.NOVE..EH,0,0.0017634394,0.0017634393880143762
3669671.IV.BDI..HH,1,0.9929853,0.0070146918296813965
3669671.IV.CASP..HH,1,0.99770635,0.0022936463356018066
3669671.IV.CRE..HH,1,0.99203616,0.007963836193084717
3669671.IV.CRMI..HH,1,0.9983275,0.001672506332397461
3669671.IV.CSNT..HH,1,0.9985002,0.001499772071838379
3669671.IV.FROS..HH,1,0.99820286,0.0017971396446228027
3669671.GU.MAIM..HH,1,0.9951116,0.004888415336608887
3669671.IV.MCIV..HH,1,0.9952821,0.004717886447906494
3669671.IV.MTCR..EH,0,0.009154887,0.009154886938631535
3669671.IV.OSSC..HH,1,0.99888897,0.0011110305786132812
3669671.IV.PII..HH,1,0.9985441,0.0014559030532836914
3669671.IV.RUFI..EH,1,0.99640614,0.0035938620567321777
3669671.IV.SEI..HH,0,0.020308528,0.02030852809548378
3687661.GU.POPM..HH,0,0.010674876,0.010674876160919666
3689061.IV.PII..HH,1,0.99073184,0.00926816463470459
3689061.GU.POPM..HH,1,0.99220645,0.007793545722961426
3689061.IV.SEI..HH,1,0.9958551,0.004144906997680664
3698571.MN.VLC..HH,0,0.0037401435,0.003740143496543169
3698571.IV.ZCCA..HH,1,0.99773985,0.002260148525238037
3701121.IV.ASQU..HH,0,0.0019434331,0.0019434330752119422
3701121.IV.BDI..HH,0,0.0017480811,0.0017480810638517141
3701121.GU.CARD..HH,0,0.0033500588,0.003350058803334832
3701121.IV.FNVD..HH,1,0.99806845,0.0019315481185913086
3701121.GU.MAIM..HH,0,0.004476896,0.004476896021515131
3701121.IV.OSSC..HH,1,0.99369603,0.006303966045379639
3701121.IV.PII..HH,1,0.9991662,0.0008338093757629395
3701121.GU.POPM..HH,0,0.006327066,0.006327066104859114
3701121.MN.VLC..HH,0,0.015963143,0.01596314273774624
3701151.IV.BDI..HH,1,0.99504834,0.004951655864715576
3701151.GU.MAIM..HH,1,0.99624866,0.0037513375282287598
3701151.IV.PII..HH,1,0.9957982,0.004201829433441162
3735421.IV.ZCCA..HH,1,0.9976673,0.0023326873779296875
3738231.GU.EQUI..HH,1,0.99114895,0.008851051330566406
3738231.GU.GRAM..HH,1,0.9972237,0.00277632474899292
3738231.IV.PLMA..HH,1,0.99799496,0.0020050406455993652
3738231.MN.VLC..HH,1,0.9977558,0.0022441744804382324
3758981.IV.CAVE..HH,0,0.0092792865,0.009279286488890648
3758981.SI.KOSI..HH,1,0.9958579,0.004142105579376221
3758981.SI.LUSI..HH,1,0.9843143,0.015685677528381348
3758981.IV.MABI..HH,1,0.9944491,0.0055509209632873535
3758981.IV.RAVA..EH,1,0.9979395,0.0020604729652404785
3758981.IV.ROVR..HH,1,0.99798197,0.0020180344581604004
3758981.IV.SERM..EH,1,0.9959227,0.004077315330505371
3758981.IV.ZCCA..HH,1,0.9967509,0.0032491087913513184
3776791.IV.ASQU..HH,1,0.9985034,0.0014966130256652832
3776791.IV.BDI..HH,1,0.9967904,0.0032095909118652344
3776791.IV.BRIS..HH,1,0.99837494,0.00162506103515625
3776791.IV.CRMI..HH,1,0.99775165,0.0022483468055725098
3776791.IV.FNVD..HH,1,0.9981127,0.0018873214721679688
3776791.IV.LMD..HH,1,0.9971397,0.0028603076934814453
3776791.IV.MTCR..EH,1,0.99797535,0.0020246505737304688
3776791.IV.MTRZ..HH,1,0.9986046,0.00139540433883667
3776791.IV.RUFI..EH,1,0.9981762,0.0018237829208374023
3776791.IV.SEI..HH,1,0.99672717,0.003272831439971924
3779591.IV.BOB..HH,1,0.996233,0.0037670135498046875
3779591.GU.EQUI..HH,1,0.9960199,0.003980100154876709
3779591.GU.GRAM..HH,0,0.006419201,0.006419200915843248
3779591.IV.MSSA..HH,1,0.99396765,0.006032347679138184
3804461.IV.BOB..HH,1,0.9968419,0.003158092498779297
3804461.GU.EQUI..HH,1,0.86893344,0.13106656074523926
3804461.GU.GORR..HH,1,0.9954035,0.0045964717864990234
3804461.IV.MSSA..HH,1,0.9973132,0.002686798572540283
3804461.IV.PLMA..HH,1,0.9914101,0.00858992338180542
3804461.IV.QLNO..HH,1,0.9906746,0.009325385093688965
3818821.IV.ASQU..HH,1,0.99680537,0.0031946301460266113
3818821.IV.BRIS..HH,1,0.99800277,0.001997232437133789
3818821.IV.MTCR..EH,1,0.9967874,0.003212571144104004
3818821.IV.SEI..HH,1,0.9982433,0.0017567276954650879
3818821.IV.SFI..EH,1,0.9984277,0.0015723109245300293
3877161.IV.BOB..HH,1,0.9920951,0.007904887199401855
3877161.GU.GORR..HH,1,0.97184104,0.028158962726593018
3877161.IV.MSSA..HH,1,0.9986702,0.0013297796249389648
3881871.IV.FROS..HH,1,0.9980352,0.0019648075103759766
3882571.IV.CAFI..HH,1,0.99579704,0.0042029619216918945
3882571.IV.CSNT..HH,0,0.04292027,0.04292026907205582
3882571.IV.FROS..HH,1,0.9982992,0.0017008185386657715
3882571.IV.LMD..HH,1,0.9804834,0.019516587257385254
3882571.IV.PARC..HH,1,0.995675,0.004324972629547119
3882571.IV.SSP9..EH,0,0.0035058798,0.00350587978027761
3886071.IV.CAFI..HH,1,0.99582607,0.004173934459686279
3886071.IV.FROS..HH,1,0.9982337,0.0017663240432739258
3886071.IV.RUFI..EH,0,0.005181283,0.005181283224374056
3886071.IV.TRIF..HH,1,0.9915377,0.008462309837341309
3886191.IV.CAFI..HH,1,0.9978134,0.002186596393585205
3886191.IV.OSSC..HH,1,0.998466,0.0015339851379394531
3921761.IV.BOB..HH,1,0.9983686,0.0016313791275024414
3921761.GU.GORR..HH,0,0.0069070132,0.0069070132449269295
3921761.GU.GRAM..HH,0,0.015049208,0.015049207955598831
3921761.IV.MSSA..HH,1,0.9955986,0.00440138578414917
3921871.IV.BOB..HH,1,0.99697,0.0030300021171569824
3921871.GU.GORR..HH,0,0.003061044,0.003061044029891491
3921871.IV.MSSA..HH,1,0.9958726,0.004127383232116699
3921921.IV.BOB..HH,1,0.9979416,0.00205838680267334
3921921.GU.GORR..HH,0,0.009949609,0.009949608705937862
3921921.GU.GRAM..HH,0,0.046027727,0.04602772742509842
3921921.IV.MSSA..HH,1,0.99666923,0.0033307671546936035
3922011.IV.MSSA..HH,1,0.99838144,0.0016185641288757324
3922661.IV.MSSA..HH,1,0.99800277,0.001997232437133789
3922811.IV.BOB..HH,1,0.9987807,0.0012192726135253906
3922811.GU.GORR..HH,0,0.0049459557,0.004945955704897642
3922811.GU.GRAM..HH,0,0.0018564607,0.001856460701674223
3922811.IV.MSSA..HH,1,0.9988591,0.001140892505645752
3922921.IV.BOB..HH,1,0.9983508,0.0016492009162902832
3922921.GU.EQUI..HH,0,0.0033842078,0.0033842078410089016
3922921.GU.GORR..HH,0,0.0022623807,0.0022623806726187468
3922921.GU.GRAM..HH,0,0.0021406258,0.0021406258456408978
3922921.IV.MSSA..HH,1,0.9971108,0.0028892159461975098
3922921.IV.PII..HH,1,0.99460846,0.005391538143157959
3932281.GU.POPM..HH,1,0.94519,0.05480998754501343
3932281.MN.VLC..HH,0,0.010910481,0.010910481214523315
3933251.GU.CARD..HH,1,0.9982438,0.0017561912536621094
3933251.IV.CRMI..HH,0,0.009050204,0.009050204418599606
3933251.GU.EQUI..HH,1,0.9864312,0.01356881856918335
3933251.GU.GRAM..HH,0,0.005570028,0.005570027977228165
3933251.IV.MTCR..EH,0,0.0027881493,0.0027881492860615253
3933251.IV.PLMA..HH,1,0.9983702,0.0016298294067382812
3933251.GU.POPM..HH,0,0.0041434136,0.004143413621932268
3933251.IV.RUFI..EH,1,0.99588925,0.004110753536224365
3933251.IV.SEI..HH,1,0.99629986,0.0037001371383666992
3933251.MN.VLC..HH,1,0.9987856,0.0012143850326538086
3937281.GU.EQUI..HH,1,0.99816525,0.0018347501754760742
3937281.GU.GRAM..HH,1,0.9976391,0.0023608803749084473
3937281.IV.PII..HH,1,0.99641293,0.003587067127227783
3937281.IV.PLMA..HH,1,0.9977009,0.002299070358276367
3965951.GU.GRAM..HH,1,0.9974079,0.0025920867919921875
3965951.IV.MSSA..HH,1,0.9708378,0.029162228107452393
3965951.IV.PLMA..HH,1,0.98519623,0.014803767204284668
3969191.IV.RAVA..EH,0,0.04441023,0.04441022872924805
3975231.IV.BDI..HH,1,0.9980238,0.001976191997528076
3975231.GU.MAIM..HH,0,0.005708616,0.005708616226911545
3975231.IV.PII..HH,0,0.0023325623,0.0023325623478740454
3975231.GU.POPM..HH,0,0.007958798,0.007958797737956047
3975231.MN.VLC..HH,0,0.0020081182,0.002008118201047182
3999911.IV.MCIV..HH,0,0.0034871208,0.003487120848149061
4000641.GU.MAIM..HH,0,0.015326829,0.015326828695833683
4000641.IV.PII..HH,0,0.0064469,0.006446899846196175
4000731.IV.FROS..HH,0,0.0029768024,0.002976802410557866
4000731.GU.MAIM..HH,0,0.004539503,0.004539502784609795
4000731.IV.PII..HH,0,0.004722857,0.004722856916487217
4000731.IV.RUFI..EH,1,0.9969797,0.0030202865600585938
4000731.IV.TRIF..HH,1,0.9977165,0.0022835135459899902
4006001.IV.ARCI..HH,0,0.022055434,0.022055434063076973
4006001.IV.BADI..EH,1,0.9873544,0.012645602226257324
4006001.GU.CARD..HH,0,0.00336343,0.0033634300343692303
4006001.IV.CRMI..HH,1,0.9954793,0.004520714282989502
4006001.IV.FROS..HH,0,0.006444572,0.006444572005420923
4006001.GU.MAIM..HH,0,0.0049042557,0.004904255736619234
4006001.IV.MCIV..HH,0,0.0032071662,0.003207166213542223
4006001.IV.PII..HH,0,0.0030619043,0.003061904339119792
4006001.IV.PLMA..HH,0,0.0055677732,0.005567773245275021
4006001.IV.SFI..EH,1,0.99574435,0.00425565242767334
4006001.IV.SSP9..EH,1,0.996263,0.0037369728088378906
4006001.IV.TRIF..HH,1,0.99801254,0.001987457275390625
4024151.IV.RAVA..EH,1,0.99398327,0.006016731262207031
4024151.IV.ZCCA..HH,0,0.015291248,0.015291248448193073
4036211.IV.CAVE..HH,1,0.99538076,0.004619240760803223
4036211.IV.RAVA..EH,0,0.005864582,0.005864582024514675
4040381.IV.RAVA..EH,0,0.0012823194,0.00128231942653656
4042061.IV.CRMI..HH,1,0.9968408,0.0031592249870300293
4042061.IV.CSNT..HH,0,0.0055763545,0.005576354451477528
4042061.IV.OSSC..HH,0,0.005345114,0.005345114041119814
4042061.IV.PII..HH,0,0.0026449352,0.00264493515715003
4042061.IV.RUFI..EH,1,0.99690247,0.0030975341796875
4042061.IV.SEI..HH,1,0.99589175,0.004108250141143799
4042061.IV.SSP9..EH,1,0.9953061,0.004693925380706787
4042941.IV.CRMI..HH,1,0.99877155,0.0012284517288208008
4042941.IV.CSNT..HH,0,0.17090164,0.17090164124965668
4042941.GU.MAIM..HH,0,0.008366608,0.008366608060896397
4042941.IV.OSSC..HH,0,0.0024670477,0.002467047655954957
4042941.IV.PII..HH,0,0.00404727,0.004047269932925701
4042941.IV.SEI..HH,0,0.0028770578,0.0028770577628165483
4044491.IV.CRMI..HH,1,0.9977691,0.0022308826446533203
4045241.IV.CRMI..HH,1,0.9975789,0.002421081066131592
4045241.IV.CSNT..HH,0,0.0015984733,0.0015984732890501618
4045241.IV.FROS..HH,1,0.9967661,0.0032339096069335938
4045241.GU.MAIM..HH,0,0.0025476592,0.0025476592127233744
4045241.IV.OSSC..HH,0,0.0012535177,0.0012535176938399673
4045241.IV.PII..HH,0,0.0036226748,0.003622674848884344
4052941.IV.SEI..HH,1,0.9988331,0.0011668801307678223
4058521.IV.ZCCA..HH,1,0.9976635,0.0023365020751953125
4152611.IV.CRMI..HH,1,0.9976738,0.00232619047164917
4154351.GU.GRAM..HH,0,0.008965392,0.008965391665697098
4154351.IV.ROVR..HH,0,0.011232248,0.011232247576117516
4157341.IV.FNVD..HH,1,0.997339,0.002660989761352539
4157491.IV.BDI..HH,1,0.9984221,0.001577913761138916
4157491.IV.MTCR..EH,0,0.003238096,0.0032380959019064903
4157491.GU.POPM..HH,1,0.99879956,0.0012004375457763672
4157491.IV.ZCCA..HH,0,0.00552569,0.005525690037757158
4157641.GU.POPM..HH,1,0.99833477,0.0016652345657348633
4161131.GU.POPM..HH,0,0.004427035,0.0044270348735153675
4170121.IV.BDI..HH,1,0.99859816,0.0014018416404724121
4170121.GU.MAIM..HH,1,0.9981992,0.0018007755279541016
4170121.IV.PII..HH,1,0.9985614,0.0014386177062988281
4170121.MN.VLC..HH,1,0.9984285,0.0015714764595031738
4170121.IV.ZCCA..HH,1,0.9984408,0.0015591979026794434
4176171.IV.BDI..HH,1,0.99889714,0.0011028647422790527
4176171.GU.CARD..HH,1,0.99843043,0.0015695691108703613
4176171.IV.CRMI..HH,1,0.9973938,0.002606213092803955
4176171.GU.EQUI..HH,1,0.991152,0.008848011493682861
4176171.GU.GRAM..HH,1,0.9984524,0.0015475749969482422
4176171.GU.MAIM..HH,1,0.9984762,0.0015237927436828613
4176171.IV.MTCR..EH,1,0.99861157,0.0013884305953979492
4176171.GU.POPM..HH,1,0.9979717,0.0020282864570617676
4176171.IV.SEI..HH,1,0.0318698,0.9681302011013031
4176171.MN.VLC..HH,0,0.9972919,0.9972919225692749
4176171.IV.ZCCA..HH,1,0.9981968,0.0018032193183898926
4182391.IV.BDI..HH,1,0.99151343,0.008486568927764893
4182391.GU.CARD..HH,1,0.9985536,0.0014464259147644043
4182391.IV.ERBM..EH,1,0.9063585,0.09364151954650879
4182391.IV.FNVD..HH,1,0.9969212,0.0030788183212280273
4182391.GU.MAIM..HH,1,0.99745643,0.0025435686111450195
4182391.IV.PII..HH,1,0.99066925,0.00933074951171875
4182391.IV.SEI..HH,1,0.99204916,0.007950842380523682
4182391.MN.VLC..HH,1,0.99839944,0.0016005635261535645
4182631.GU.CARD..HH,1,0.99816024,0.001839756965637207
4182631.IV.ERBM..EH,1,0.9958825,0.004117488861083984
4182631.IV.MTCR..EH,0,0.005092824,0.005092823877930641
4182631.IV.PII..HH,1,0.995996,0.004004001617431641
4187001.GU.EQUI..HH,1,0.98651034,0.01348966360092163
4187001.IV.ERBM..EH,1,0.98869836,0.011301636695861816
4187001.GU.GRAM..HH,1,0.9912728,0.008727192878723145
4187001.MN.VLC..HH,1,0.9977704,0.0022295713424682617
4204141.IV.ARCI..HH,1,0.9989411,0.0010588765144348145
4204141.IV.ASQU..HH,1,0.9598165,0.04018348455429077
4204141.IV.ATPI..EH,1,0.99633133,0.003668665885925293
4204141.IV.CASP..HH,1,0.9947492,0.005250811576843262
4204141.IV.CSNT..HH,1,0.9970351,0.002964913845062256
4204141.IV.OSSC..HH,1,0.99760866,0.002391338348388672
4204141.IV.PARC..HH,1,0.9978627,0.002137303352355957
4208921.IV.BDI..HH,1,0.99571586,0.0042841434478759766
4208921.GU.POPM..HH,0,0.0075833215,0.007583321537822485
4238671.IV.BDI..HH,0,0.0038058679,0.003805867861956358
4238671.IV.ERBM..EH,1,0.9976061,0.0023939013481140137
4238671.IV.SEI..HH,1,0.99101144,0.008988559246063232
4238671.MN.VLC..HH,1,0.9793905,0.020609498023986816
4238971.GU.EQUI..HH,1,0.99657434,0.0034256577491760254
4238971.IV.ERBM..EH,1,0.99798304,0.0020169615745544434
4238971.GU.GRAM..HH,1,0.99749416,0.0025058388710021973
4238971.IV.PII..HH,0,0.016031014,0.016031013801693916
4238971.IV.PLMA..HH,1,0.9978399,0.0021600723266601562
4239131.GU.EQUI..HH,1,0.99591756,0.004082441329956055
4239131.IV.ERBM..EH,1,0.9953139,0.004686117172241211
4239131.MN.VLC..HH,1,0.99872434,0.0012756586074829102
4239941.GU.EQUI..HH,1,0.99819493,0.0018050670623779297
4239941.IV.ERBM..EH,0,0.99067485,0.9906748533248901
4239941.IV.PLMA..HH,1,0.9929716,0.007028400897979736
4239941.MN.VLC..HH,1,0.99758387,0.0024161338806152344
4240011.IV.BDI..HH,1,0.9962383,0.0037617087364196777
4240011.GU.GRAM..HH,1,0.9981228,0.0018771886825561523
4240011.MN.VLC..HH,1,0.9987289,0.0012711286544799805
4240371.GU.GRAM..HH,1,0.998817,0.0011829733848571777
4240371.MN.VLC..HH,1,0.99870664,0.0012933611869812012
4241421.GU.EQUI..HH,1,0.9941889,0.005811095237731934
4241421.IV.ERBM..EH,1,0.98857605,0.011423945426940918
4241421.GU.GRAM..HH,1,0.9983576,0.0016424059867858887
4241421.MN.VLC..HH,1,0.9951064,0.004893600940704346
4242961.IV.BDI..HH,0,0.0020454729,0.002045472851023078
4242961.IV.BOB..HH,0,0.027581427,0.02758142724633217
4242961.IV.CAFI..HH,1,0.9938149,0.00618511438369751
4242961.IV.CRE..HH,1,0.92450327,0.07549673318862915
4242961.IV.CRMI..HH,0,0.0095644295,0.009564429521560669
4242961.GU.FINB..HH,1,0.9906253,0.009374678134918213
4242961.IV.FNVD..HH,0,0.0020365363,0.002036536345258355
4242961.GU.GBOS..HH,1,0.9896542,0.010345816612243652
4242961.GU.GORR..HH,0,0.14863169,0.14863169193267822
4242961.IV.MAGA..HH,0,0.0039070942,0.003907094243913889
4242961.GU.MAIM..HH,1,0.99626374,0.003736257553100586
4242961.IV.MSSA..HH,1,0.9907161,0.009283900260925293
4242961.GU.PCP..HH,1,0.9915549,0.00844508409500122
4242961.IV.PIEI..HH,1,0.99354416,0.006455838680267334
4242961.IV.PII..HH,0,0.020770106,0.020770106464624405
4242961.GU.RORO..HH,0,0.06381665,0.06381665170192719
4242961.IV.RUFI..EH,0,0.11267348,0.11267347633838654
4242961.IV.SEI..HH,1,0.9942935,0.005706489086151123
4242961.MN.VLC..HH,0,0.0032853116,0.0032853116281330585
4243101.GU.EQUI..HH,1,0.9980189,0.001981079578399658
4243251.GU.EQUI..HH,1,0.9976561,0.002343893051147461
4243251.IV.ERBM..EH,0,0.124230064,0.12423006445169449
4243481.GU.EQUI..HH,1,0.9976324,0.0023676156997680664
4245151.GU.EQUI..HH,1,0.9926465,0.007353484630584717
4246331.GU.CARD..HH,1,0.9943339,0.005666077136993408
4246331.GU.EQUI..HH,1,0.9979333,0.002066671848297119
4246331.IV.ERBM..EH,1,0.99868274,0.0013172626495361328
4246331.GU.GRAM..HH,1,0.9984473,0.0015527009963989258
4246331.MN.VLC..HH,1,0.9988346,0.0011653900146484375
4248831.GU.GRAM..HH,1,0.9962607,0.003739297389984131
4249441.GU.EQUI..HH,1,0.9934879,0.006512105464935303
4249441.IV.ERBM..EH,1,0.9983677,0.0016322731971740723
4249441.GU.GRAM..HH,1,0.99847186,0.0015281438827514648
4249441.IV.PII..HH,1,0.9861405,0.01385951042175293
4249441.IV.PLMA..HH,0,0.3689082,0.36890819668769836
4249441.MN.VLC..HH,0,0.01693481,0.01693481020629406
4249941.GU.EQUI..HH,1,0.9969791,0.0030208826065063477
4254561.IV.BDI..HH,0,0.0019497325,0.0019497325411066413
4254561.GU.CARD..HH,0,0.0028805851,0.0028805851470679045
4254561.GU.EQUI..HH,1,0.99185497,0.008145034313201904
4254561.IV.ERBM..EH,1,0.9984736,0.0015264153480529785
4254561.IV.FNVD..HH,0,0.001708823,0.0017088230233639479
4254561.GU.GRAM..HH,1,0.9980767,0.0019233226776123047
4254561.IV.MTCR..EH,0,0.0031157888,0.0031157888006418943
4254561.IV.PLMA..HH,1,0.9985419,0.0014581084251403809
4254561.MN.VLC..HH,0,0.0024651263,0.0024651263374835253
4259991.IV.BDI..HH,1,0.99853706,0.0014629364013671875
4259991.GU.CARD..HH,1,0.9982224,0.0017775893211364746
4259991.IV.FNVD..HH,1,0.9976964,0.002303600311279297
4259991.GU.MAIM..HH,1,0.9973084,0.00269162654876709
4259991.IV.MTCR..EH,1,0.998274,0.0017259716987609863
4259991.IV.PLMA..HH,1,0.9950466,0.0049533843994140625
4259991.MN.VLC..HH,1,0.99649465,0.0035053491592407227
4259991.IV.ZCCA..HH,0,0.53667766,0.5366776585578918
4260391.IV.BDI..HH,0,0.0022742525,0.002274252474308014
4260391.GU.EQUI..HH,1,0.9978884,0.0021116137504577637
4260391.IV.ERBM..EH,1,0.99788433,0.0021156668663024902
4260391.IV.FNVD..HH,0,0.0041152984,0.004115298390388489
4260391.GU.GRAM..HH,1,0.9983225,0.0016775131225585938
4260391.IV.MTCR..EH,0,0.011770952,0.011770951561629772
4260391.IV.PLMA..HH,1,0.9987438,0.0012562274932861328
4260391.MN.VLC..HH,0,0.0060813376,0.006081337574869394
4265851.IV.BDI..HH,0,0.0033988517,0.0033988517243415117
4265851.GU.EQUI..HH,0,0.0017645403,0.0017645403277128935
4265851.IV.ERBM..EH,0,0.0026157834,0.0026157833635807037
4265851.GU.GRAM..HH,0,0.0020382544,0.002038254402577877
4265851.MN.VLC..HH,0,0.0010585971,0.0010585971176624298
4265851.IV.ZCCA..HH,1,0.99519724,0.00480276346206665
4267571.IV.BDI..HH,0,0.0024936467,0.0024936466943472624
4267571.IV.CRMI..HH,0,0.022182386,0.022182386368513107
4267571.IV.ERBM..EH,1,0.9972074,0.0027925968170166016
4267571.IV.FNVD..HH,0,0.0036122906,0.0036122906021773815
4267571.GU.GRAM..HH,1,0.9969278,0.003072202205657959
4267571.IV.MSSA..HH,0,0.020413077,0.020413076505064964
4267571.IV.MTCR..EH,1,0.99748075,0.00251924991607666
4267571.IV.PLMA..HH,1,0.99869543,0.0013045668601989746
4267571.MN.VLC..HH,0,0.0033626873,0.0033626873046159744
4280711.IV.NOVE..EH,0,0.005688528,0.005688528064638376
4280711.GU.POPM..HH,1,0.9976624,0.0023375749588012695
4280711.IV.ZCCA..HH,1,0.99795735,0.0020426511764526367
4283261.IV.LMD..HH,1,0.9981235,0.0018764734268188477
4285931.IV.PII..HH,1,0.9885294,0.011470615863800049
4313311.IV.BDI..HH,0,0.00215574,0.0021557400468736887
4313311.GU.CARD..HH,0,0.0039420947,0.0039420947432518005
4313311.IV.CSNT..HH,1,0.9978946,0.002105414867401123
4313311.IV.MTRZ..HH,1,0.99283695,0.007163047790527344
4313311.IV.OSSC..HH,1,0.99588436,0.004115641117095947
4313311.GU.POPM..HH,0,0.0013213194,0.001321319374255836
4313311.IV.RAVA..EH,0,0.010445244,0.010445243678987026
4332121.IV.ERBM..EH,1,0.9982075,0.0017924904823303223
4332121.GU.GRAM..HH,0,0.003234727,0.0032347270753234625
4340201.GU.GRAM..HH,1,0.9955123,0.0044876933097839355
4340201.MN.VLC..HH,0,0.006544788,0.006544787902384996
4340331.IV.ASQU..HH,0,0.75070363,0.7507036328315735
4340331.IV.BDI..HH,1,0.988912,0.011088013648986816
4340331.IV.CAFI..HH,0,0.010857908,0.010857908055186272
4340331.IV.CASP..HH,1,0.97508985,0.024910151958465576
4340331.IV.CRE..HH,1,0.994416,0.005584001541137695
4340331.IV.CRMI..HH,1,0.98752916,0.012470841407775879
4340331.IV.FROS..HH,0,0.0024472557,0.002447255654260516
4340331.GU.MAIM..HH,1,0.81751406,0.1824859380722046
4340331.IV.MOMA..HH,0,0.0065712803,0.006571280304342508
4340331.IV.MTCR..EH,0,0.027134249,0.027134248986840248
4340331.IV.MURB..HH,0,0.007906537,0.0079065365716815
4340331.IV.OSSC..HH,0,0.008699595,0.008699594996869564
4340331.IV.PARC..HH,1,0.9780658,0.021934211254119873
4340331.IV.PII..HH,1,0.99382967,0.006170332431793213
4340331.IV.TRIF..HH,1,0.99657893,0.0034210681915283203
4343481.IV.BDI..HH,1,0.9939005,0.006099522113800049
4343481.GU.CARD..HH,1,0.99725896,0.0027410387992858887
4343481.IV.ERBM..EH,1,0.99844205,0.0015579462051391602
4343481.GU.GRAM..HH,1,0.99794847,0.00205153226852417
4343481.IV.PLMA..HH,0,0.058720276,0.05872027575969696
4343481.GU.POPM..HH,1,0.9843373,0.015662729740142822
4343481.MN.VLC..HH,1,0.9961557,0.003844320774078369
4353171.IV.CRMI..HH,1,0.99252486,0.007475137710571289
4353171.IV.CSNT..HH,1,0.9822933,0.017706692218780518
4353171.GU.MAIM..HH,0,0.0036010873,0.0036010872572660446
4353171.IV.PII..HH,0,0.0052103,0.005210299976170063
4379591.IV.ASQU..HH,0,0.24302477,0.2430247664451599
4379591.IV.BADI..EH,1,0.949666,0.05033397674560547
4379591.IV.BDI..HH,1,0.7707084,0.2292916178703308
4379591.IV.CAFI..HH,1,0.3483059,0.6516940891742706
4379591.IV.CASP..HH,0,0.0055506146,0.005550614558160305
4379591.IV.CRMI..HH,0,0.021256715,0.021256715059280396
4379591.IV.CSNT..HH,0,0.041020267,0.041020266711711884
4379591.IV.FNVD..HH,1,0.9941292,0.005870819091796875
4379591.IV.LMD..HH,1,0.7949377,0.20506232976913452
4379591.IV.OSSC..HH,0,0.0076162317,0.007616231683641672
4379591.IV.RUFI..EH,0,0.015237034,0.015237034298479557
4379591.MN.VLC..HH,1,0.98780125,0.01219874620437622
4397701.IV.BDI..HH,1,0.8902325,0.10976749658584595
4397701.IV.ERBM..EH,1,0.99306095,0.006939053535461426
4397701.GU.GRAM..HH,1,0.99640536,0.003594636917114258
4397701.GU.MAIM..HH,1,0.9791505,0.020849525928497314
4397701.IV.PII..HH,0,0.014525447,0.01452544704079628
4397701.IV.PLMA..HH,1,0.990051,0.009949028491973877
4397701.GU.POPM..HH,0,0.069190316,0.06919031590223312
4397701.MN.VLC..HH,0,0.00788392,0.007883920334279537
4401051.IV.BDI..HH,1,0.99689645,0.0031035542488098145
4401051.IV.FNVD..HH,0,0.004629929,0.004629929084330797
4402261.IV.APEC..HH,1,0.993494,0.006506025791168213
4402261.IV.ATPI..EH,1,0.99595636,0.004043638706207275
4402261.IV.ATVO..HH,1,0.99550426,0.004495739936828613
4402261.IV.BDI..HH,1,0.37103817,0.628961831331253
4402261.GU.CARD..HH,1,0.99664664,0.0033533573150634766
4402261.IV.CRE..HH,1,0.9958157,0.004184305667877197
4402261.IV.CSNT..HH,0,0.0048455363,0.0048455363139510155
4402261.GU.MAIM..HH,1,0.036268175,0.9637318253517151
4402261.IV.OSSC..HH,0,0.0057219397,0.005721939727663994
4402261.IV.PARC..HH,1,0.9943977,0.00560230016708374
4402261.IV.PII..HH,1,0.9201563,0.07984369993209839
4402261.IV.SACS..HH,0,0.04915048,0.049150481820106506
4406641.GU.EQUI..HH,1,0.995103,0.004896998405456543
4406641.IV.ERBM..EH,1,0.9974743,0.0025256872177124023
4406641.GU.GRAM..HH,1,0.9989904,0.0010095834732055664
4406641.MN.VLC..HH,0,0.019475086,0.01947508566081524
4413211.IV.BDI..HH,1,0.99202144,0.007978558540344238
4413211.GU.CARD..HH,1,0.9919007,0.00809931755065918
4413211.IV.CRMI..HH,1,0.07034272,0.9296572804450989
4413211.GU.EQUI..HH,1,0.36588755,0.6341124475002289
4413211.IV.ERBM..EH,0,0.0032367632,0.0032367631793022156
4413211.IV.FNVD..HH,0,0.010867115,0.01086711511015892
4413211.GU.MAIM..HH,1,0.9971673,0.0028327107429504395
4413211.IV.MSSA..HH,1,0.9114546,0.08854538202285767
4413211.IV.MTRZ..HH,1,0.019928142,0.9800718575716019
4413211.IV.PII..HH,1,0.9913531,0.008646905422210693
4413211.IV.PLMA..HH,1,0.8831444,0.11685562133789062
4413211.GU.POPM..HH,1,0.99546844,0.004531562328338623
4413211.IV.RUFI..EH,0,0.9358277,0.9358276724815369
4413211.MN.VLC..HH,1,0.9976369,0.0023630857467651367
4413211.IV.ZCCA..HH,1,0.9964235,0.003576517105102539
4419561.IV.MABI..HH,0,0.019745028,0.019745027646422386
4419561.GU.POPM..HH,1,0.98946613,0.01053386926651001
4438691.IV.ASQU..HH,1,0.9888138,0.011186182498931885
4438691.IV.BDI..HH,0,0.0025246185,0.002524618525058031
4438691.IV.CASP..HH,0,0.0018066922,0.0018066922202706337
4438691.IV.CRMI..HH,0,0.0084211165,0.008421116508543491
4438691.IV.CSNT..HH,0,0.0025543266,0.0025543265510350466
4438691.IV.LMD..HH,1,0.9974202,0.002579808235168457
4438691.IV.MTCR..EH,0,0.0052583255,0.005258325487375259
4438691.IV.OSSC..HH,0,0.0025649825,0.0025649825111031532
4438691.IV.PII..HH,0,0.0015951967,0.001595196663402021
4438691.GU.POPM..HH,0,0.03977706,0.039777059108018875
4438691.IV.RUFI..EH,1,0.9950473,0.004952728748321533
4438691.MN.VLC..HH,0,0.0014639101,0.001463910099118948
4447061.GU.CARD..HH,0,0.03537606,0.035376060754060745
4447061.IV.CRMI..HH,1,0.9969739,0.003026127815246582
4447061.IV.CSNT..HH,0,0.016958302,0.01695830188691616
4447061.GU.MAIM..HH,0,0.0045068674,0.004506867378950119
4447061.IV.OSSC..HH,0,0.007865082,0.007865081541240215
4447061.IV.PII..HH,0,0.009018967,0.009018966928124428
4447061.GU.POPM..HH,0,0.020708757,0.020708756521344185
4447061.IV.RUFI..EH,1,0.9851708,0.01482921838760376
4477761.IV.SFI..EH,0,0.0020297647,0.002029764698818326
4490611.IV.CAVE..HH,1,0.99850726,0.0014927387237548828
4490611.GU.GRAM..HH,0,0.003935779,0.003935778979212046
4490611.IV.RAVA..EH,0,0.18116532,0.18116532266139984
4490611.IV.ROVR..HH,0,0.0062754075,0.006275407504290342
4559221.IV.CSNT..HH,0,0.0030101575,0.003010157495737076
4559221.IV.OSSC..HH,0,0.00269711,0.002697109943255782
4559221.IV.RUFI..EH,1,0.99818504,0.0018149614334106445
4581831.IV.MABI..HH,0,0.023582073,0.02358207292854786
4581831.IV.PLMA..HH,0,0.0042499956,0.004249995574355125
4590981.GU.EQUI..HH,1,0.98738515,0.012614846229553223
4590981.GU.GRAM..HH,0,0.006753492,0.006753492169082165
4590981.GU.MAIM..HH,1,0.9402668,0.05973321199417114
4590981.GU.POPM..HH,1,0.93298316,0.0670168399810791
4590981.MN.VLC..HH,1,0.99613965,0.0038603544235229492
4642571.IV.ARCI..HH,1,0.9935589,0.0064411163330078125
4642571.IV.CASP..HH,1,0.03176385,0.9682361483573914
4642571.IV.CSNT..HH,0,0.008706967,0.00870696734637022
4642571.IV.OSSC..HH,1,0.9851766,0.014823377132415771
4643821.IV.CAVE..HH,0,0.005244396,0.005244396161288023
4643821.IV.RAVA..EH,0,0.006731767,0.0067317672073841095
4651471.IV.ERBM..EH,0,0.017922396,0.01792239584028721
4663531.IV.FROS..HH,0,0.018825239,0.018825238570570946
4685481.IV.FROS..HH,1,0.9982834,0.00171661376953125
4685481.IV.RUFI..EH,1,0.99865836,0.0013416409492492676
4687911.IV.APPI..EH,0,0.0072231386,0.007223138585686684
4687911.IV.ARCI..HH,1,0.99767274,0.002327263355255127
4687911.IV.ASQU..HH,1,0.9985451,0.0014548897743225098
4687911.IV.ATCC..EH,1,0.99673617,0.00326383113861084
4687911.IV.ATFO..HH,1,0.9966921,0.0033078789710998535
4687911.IV.ATPI..EH,0,0.0060932,0.006093199830502272
4687911.IV.BADI..EH,0,0.01135363,0.011353629641234875
4687911.IV.BDI..HH,0,0.008989217,0.008989216759800911
4687911.IV.BOB..HH,0,0.0075637135,0.007563713472336531
4687911.IV.CAFI..HH,0,0.011144193,0.011144192889332771
4687911.GU.CARD..HH,0,0.007683109,0.007683109026402235
4687911.IV.CASP..HH,1,0.9978588,0.0021411776542663574
4687911.IV.CRMI..HH,0,0.0028235847,0.0028235847130417824
4687911.IV.CSNT..HH,0,0.0050938,0.005093799903988838
4687911.IV.FIR..HH,1,0.99865043,0.0013495683670043945
4687911.IV.FNVD..HH,1,0.9821513,0.017848670482635498
4687911.IV.FROS..HH,1,0.9987117,0.001288294792175293
4687911.GU.GRAM..HH,0,0.025458489,0.02545848861336708
4687911.IV.LMD..HH,1,0.9929124,0.007087588310241699
4687911.SI.LUSI..HH,0,0.0032595329,0.0032595328520983458
4687911.IV.MAGA..HH,0,0.007692484,0.007692484185099602
4687911.GU.MAIM..HH,0,0.008263528,0.00826352834701538
4687911.IV.MGAB..HH,0,0.040548902,0.0405489020049572
4687911.IV.MPAG..EH,0,0.003488896,0.0034888959489762783
4687911.IV.MSSA..HH,0,0.19332698,0.19332697987556458
4687911.IV.MTCR..EH,1,0.9932582,0.006741821765899658
4687911.IV.NARO..HH,0,0.003443699,0.003443699097260833
4687911.IV.OSSC..HH,0,0.0040717404,0.004071740433573723
4687911.IV.PII..HH,0,0.014790104,0.014790103770792484
4687911.IV.PLMA..HH,0,0.001718518,0.0017185179749503732
4687911.GU.POPM..HH,0,0.0015572826,0.0015572826378047466
4687911.IV.ROVR..HH,0,0.0028734133,0.0028734132647514343
4687911.IV.RUFI..EH,1,0.99868035,0.0013196468353271484
4687911.IV.TEOL..HH,0,0.0019683752,0.001968375174328685
4688251.IV.CRMI..HH,0,0.49070853,0.49070852994918823
4688251.IV.CSNT..HH,0,0.019253302,0.019253302365541458
4688251.IV.FROS..HH,1,0.99119896,0.008801043033599854
4688251.IV.LMD..HH,0,0.01953808,0.01953808031976223
4688251.IV.OSSC..HH,0,0.026312217,0.026312217116355896
4688251.IV.RUFI..EH,1,0.99639183,0.0036081671714782715
4688691.IV.CSNT..HH,0,0.0425233,0.04252329841256142
4688691.IV.LMD..HH,1,0.9837045,0.01629549264907837
4688691.IV.OSSC..HH,0,0.012745992,0.01274599228054285
4688691.IV.PII..HH,0,0.023737185,0.023737184703350067
4690331.IV.CSNT..HH,1,0.9937219,0.006278097629547119
4690331.IV.FROS..HH,1,0.99444085,0.005559146404266357
4690331.IV.OSSC..HH,1,0.9862251,0.013774871826171875
4690331.IV.RUFI..EH,1,0.9930153,0.006984710693359375
4690611.IV.ARCI..HH,1,0.97517174,0.02482825517654419
4690611.IV.ASQU..HH,1,0.99468774,0.0053122639656066895
4690611.IV.CAFI..HH,0,0.00881879,0.008818790316581726
4690611.IV.CRMI..HH,0,0.003935609,0.003935609012842178
4690611.IV.CSNT..HH,1,0.9985372,0.0014628171920776367
4690611.IV.FROS..HH,1,0.9983998,0.0016002058982849121
4690611.IV.OSSC..HH,1,0.9985186,0.0014814138412475586
4690611.IV.RUFI..EH,1,0.9981387,0.001861274242401123
4690831.IV.ARCI..HH,0,0.008176994,0.008176993578672409
4690831.IV.CSNT..HH,1,0.9974369,0.0025631189346313477
4690831.IV.MTCR..EH,1,0.98028535,0.019714653491973877
4690831.IV.OSSC..HH,1,0.9978272,0.00217282772064209
4690831.IV.RUFI..EH,1,0.996914,0.0030859708786010742
4691021.IV.ARCI..HH,1,0.9894146,0.010585427284240723
4691021.IV.ASQU..HH,1,0.9849705,0.015029489994049072
4691021.IV.ATVO..HH,1,0.99541646,0.004583537578582764
4691021.IV.CASP..HH,1,0.9923523,0.007647693157196045
4691021.IV.LMD..HH,1,0.9403707,0.05962932109832764
4691021.IV.OSSC..HH,1,0.99878764,0.0012123584747314453
4691071.IV.ARCI..HH,1,0.7526293,0.24737071990966797
4691071.IV.CAFI..HH,1,0.9952553,0.00474470853805542
4691071.IV.CSNT..HH,1,0.99707323,0.002926766872406006
4691071.IV.OSSC..HH,1,0.99770606,0.0022939443588256836
4691071.IV.PII..HH,1,0.8949131,0.10508692264556885
4691071.IV.PLMA..HH,0,0.0066479137,0.006647913716733456
4691071.IV.RUFI..EH,1,0.9979285,0.0020714998245239258
4691411.IV.CAFI..HH,1,0.98506796,0.014932036399841309
4691711.IV.CSNT..HH,1,0.9979697,0.002030313014984131
4691711.IV.OSSC..HH,1,0.9985226,0.0014774203300476074
4691711.IV.RUFI..EH,1,0.9977445,0.0022554993629455566
4692521.IV.ARCI..HH,1,0.988938,0.011062026023864746
4692521.IV.CASP..HH,1,0.99243635,0.007563650608062744
4692521.IV.CRMI..HH,0,0.010452211,0.010452210903167725
4692521.IV.CSNT..HH,0,0.002662014,0.0026620139833539724
4692521.GU.MAIM..HH,0,0.023631284,0.02363128401339054
4692521.IV.OSSC..HH,0,0.0041684965,0.0041684964671730995
4692521.IV.PII..HH,0,0.0883305,0.08833049982786179
4692521.IV.PLMA..HH,0,0.0032854462,0.0032854462042450905
4692521.IV.RUFI..EH,1,0.998427,0.001573026180267334
4693111.IV.CSNT..HH,1,0.96677405,0.033225953578948975
4693111.IV.OSSC..HH,1,0.9976467,0.0023533105850219727
4693151.IV.CSNT..HH,1,0.9983889,0.0016111135482788086
4693151.IV.OSSC..HH,1,0.99435806,0.005641937255859375
4693501.IV.ATVO..HH,1,0.9952429,0.004757106304168701
4693501.IV.CRMI..HH,0,0.22349793,0.2234979271888733
4693501.IV.CSNT..HH,0,0.04819969,0.048199690878391266
4693501.IV.OSSC..HH,1,0.99839216,0.0016078352928161621
4693501.IV.PII..HH,1,0.99442476,0.005575239658355713
4693501.IV.RUFI..EH,1,0.998631,0.0013689994812011719
4694251.IV.ASQU..HH,1,0.99442405,0.005575954914093018
4694251.IV.ASSB..HH,0,0.009887498,0.009887497872114182
4694251.IV.ATFO..HH,0,0.0076268814,0.0076268813572824
4694251.IV.ATTE..HH,0,0.002808359,0.0028083589859306812
4694251.IV.ATVO..HH,0,0.0039014176,0.003901417599990964
4694251.IV.BOB..HH,0,0.0036061448,0.003606144804507494
4694251.IV.BRIS..HH,1,0.96740794,0.032592058181762695
4694251.GU.CARD..HH,0,0.011582597,0.01158259715884924
4694251.IV.CASP..HH,1,0.99642545,0.003574550151824951
4694251.IV.CESX..HH,0,0.024120206,0.024120206013321877
4694251.IV.CRMI..HH,0,0.0013787281,0.0013787280768156052
4694251.IV.CSNT..HH,1,0.52599883,0.4740011692047119
4694251.GU.ENR..HH,0,0.0044089598,0.00440895976498723
4694251.IV.FIR..HH,1,0.996833,0.00316697359085083
4694251.IV.FOSV..EH,0,0.07605506,0.07605505734682083
4694251.IV.LMD..HH,1,0.99610186,0.003898143768310547
4694251.GU.MAIM..HH,0,0.0021554108,0.002155410824343562
4694251.IV.MDI..HH,0,0.0044650063,0.0044650062918663025
4694251.IV.MGAB..HH,0,0.009540682,0.009540681727230549
4694251.IV.MOMA..HH,0,0.02250081,0.022500809282064438
4694251.IV.MSSA..HH,0,0.02722927,0.027229269966483116
4694251.IV.MTRZ..HH,1,0.99049383,0.009506165981292725
4694251.IV.MURB..HH,0,0.011633553,0.011633552610874176
4694251.IV.PII..HH,0,0.0040452313,0.004045231267809868
4694251.IV.PLMA..HH,0,0.025265714,0.025265714153647423
4694251.GU.POPM..HH,0,0.0023329707,0.0023329707328230143
4694251.GU.PZZ..HH,0,0.0012636617,0.001263661659322679
4694251.IV.RUFI..EH,1,0.9975032,0.002496778964996338
4694251.NI.SABO..HH,1,0.99801487,0.0019851326942443848
4694251.IV.SFI..EH,1,0.9810971,0.018902897834777832
4694251.GU.STV..HH,0,0.0022060073,0.0022060072515159845
4694251.IV.TEOL..HH,1,0.99649704,0.003502964973449707
4694251.NI.VINO..HH,1,0.9969038,0.0030962228775024414
4695051.IV.ATTE..HH,1,0.9905873,0.009412705898284912
4695051.IV.ATVO..HH,1,0.99745744,0.002542555332183838
4695051.IV.CAFI..HH,0,0.008953674,0.008953673765063286
4695051.GU.CARD..HH,1,0.9343222,0.06567782163619995
4695051.IV.CSNT..HH,1,0.9894477,0.010552287101745605
4695051.GU.MAIM..HH,1,0.7569106,0.24308937788009644
4695051.IV.PII..HH,0,0.01052054,0.010520540177822113
4695051.GU.POPM..HH,0,0.016480962,0.016480961814522743
4695051.IV.RUFI..EH,1,0.92746216,0.07253783941268921
4695051.IV.SACS..HH,1,0.9904725,0.009527504444122314
4695141.IV.CRMI..HH,1,0.9916206,0.00837939977645874
4695141.IV.CSNT..HH,1,0.9984357,0.001564323902130127
4695141.IV.FNVD..HH,1,0.9843977,0.015602290630340576
4695141.IV.MTCR..EH,1,0.31489348,0.6851065158843994
4695141.IV.OSSC..HH,1,0.9985936,0.0014063715934753418
4695141.GU.POPM..HH,0,0.03123682,0.031236819922924042
4695141.IV.RUFI..EH,1,0.998322,0.0016779899597167969
4695141.IV.SFI..EH,1,0.25307417,0.7469258308410645
4695181.IV.CSNT..HH,1,0.9979378,0.002062201499938965
4695181.IV.RUFI..EH,1,0.98392135,0.016078650951385498
4695601.IV.CAFI..HH,1,0.575981,0.4240189790725708
4695601.IV.CRMI..HH,1,0.99500424,0.004995763301849365
4695601.IV.CSNT..HH,1,0.9982051,0.0017948746681213379
4695601.GU.MAIM..HH,0,0.21151899,0.21151898801326752
4695601.IV.OSSC..HH,1,0.99840087,0.001599133014678955
4695601.IV.PII..HH,1,0.9518352,0.04816478490829468
4695601.GU.POPM..HH,1,0.07761737,0.9223826304078102
4695601.IV.RUFI..EH,1,0.99791175,0.0020882487297058105
4695911.IV.ARCI..HH,1,0.7889284,0.21107161045074463
4695911.IV.ASQU..HH,1,0.14570229,0.8542977124452591
4695911.IV.BADI..EH,1,0.9893069,0.010693073272705078
4695911.IV.CAFI..HH,1,0.9856771,0.014322876930236816
4695911.IV.LMD..HH,0,0.15074366,0.15074366331100464
4695911.IV.MTCR..EH,0,0.007959608,0.007959607988595963
4695911.IV.OSSC..HH,1,0.99719876,0.002801239490509033
4695911.GU.POPM..HH,1,0.8814766,0.11852341890335083
4695911.IV.RUFI..EH,1,0.9894751,0.010524928569793701
4696051.IV.FROS..HH,1,0.9621532,0.03784680366516113
4696051.IV.MTCR..EH,1,0.049289852,0.9507101476192474
4696051.IV.OSSC..HH,1,0.99519604,0.004803955554962158
4696731.IV.ARCI..HH,0,0.004793056,0.004793055821210146
4696731.IV.CRMI..HH,0,0.0053041135,0.005304113496094942
4696731.GU.MAIM..HH,0,0.007940263,0.00794026255607605
4696731.IV.OSSC..HH,1,0.9923732,0.007626771926879883
4696731.IV.PII..HH,0,0.0035941384,0.003594138426706195
4696731.IV.RUFI..EH,1,0.99795055,0.0020494461059570312
4697631.IV.ARCI..HH,1,0.866276,0.13372397422790527
4697631.IV.CAFI..HH,1,0.33620563,0.6637943685054779
4697631.IV.CSNT..HH,1,0.99226296,0.0077370405197143555
4697631.IV.LMD..HH,0,0.034055524,0.034055523574352264
4697631.IV.MTCR..EH,0,0.2595422,0.25954219698905945
4697631.IV.OSSC..HH,1,0.99802434,0.0019756555557250977
4697631.IV.RUFI..EH,1,0.9980824,0.0019176006317138672
4697631.IV.SFI..EH,1,0.013868363,0.9861316373571754
4697911.IV.ASQU..HH,0,0.0052889925,0.005288992542773485
4697911.IV.CAFI..HH,1,0.96004534,0.03995466232299805
4697911.IV.CRMI..HH,0,0.015749466,0.01574946567416191
4697911.IV.CSNT..HH,1,0.98413706,0.01586294174194336
4697911.IV.FNVD..HH,1,0.9794025,0.020597517490386963
4697911.IV.MTCR..EH,1,0.11234369,0.8876563087105751
4697911.IV.PII..HH,0,0.48875603,0.4887560307979584
4697911.IV.RUFI..EH,1,0.9969358,0.0030642151832580566
4698151.IV.ASQU..HH,0,0.11378456,0.113784559071064
4698151.IV.CAFI..HH,1,0.99683475,0.0031652450561523438
4698151.IV.CSNT..HH,1,0.98663634,0.013363659381866455
4698151.IV.OSSC..HH,1,0.9965702,0.0034297704696655273
4698151.IV.PII..HH,1,0.7510478,0.2489522099494934
4698151.IV.RUFI..EH,1,0.9921539,0.00784611701965332
4698231.IV.ARCI..HH,0,0.007381175,0.0073811751790344715
4698231.IV.CRE..HH,0,0.016398331,0.01639833115041256
4698231.IV.CRMI..HH,1,0.9825861,0.0174139142036438
4698231.IV.CSNT..HH,1,0.9979556,0.002044379711151123
4698231.GU.MAIM..HH,0,0.20261249,0.2026124894618988
4698231.IV.OSSC..HH,1,0.9972364,0.0027636289596557617
4698231.GU.POPM..HH,1,0.9791015,0.020898520946502686
4698231.IV.RUFI..EH,1,0.99725825,0.0027417540550231934
4699061.IV.CAFI..HH,1,0.9862892,0.01371079683303833
4699061.IV.CSNT..HH,1,0.83961195,0.1603880524635315
4699061.IV.LMD..HH,1,0.9901578,0.009842216968536377
4699061.IV.MTCR..EH,1,0.8709654,0.12903457880020142
4699301.IV.CAFI..HH,0,0.023289347,0.02328934706747532
4699301.IV.CRE..HH,1,0.011198404,0.9888015957549214
4699301.IV.CRMI..HH,0,0.0028389613,0.0028389613144099712
4699301.IV.CSNT..HH,1,0.995653,0.004347026348114014
4699301.IV.FNVD..HH,1,0.72781706,0.2721829414367676
4699301.IV.FROS..HH,1,0.99862075,0.001379251480102539
4699301.IV.MTCR..EH,1,0.92948854,0.07051146030426025
4699301.IV.OSSC..HH,1,0.9982338,0.001766204833984375
4699301.IV.PIEI..HH,1,0.054391544,0.9456084556877613
4699301.IV.PII..HH,1,0.010427359,0.9895726414397359
4699301.IV.RUFI..EH,1,0.99882746,0.0011725425720214844
4699301.IV.SFI..EH,1,0.444713,0.5552870035171509
4699301.IV.TRIF..HH,1,0.98548174,0.014518260955810547
4699371.IV.ARCI..HH,0,0.027200608,0.02720060758292675
4699371.IV.ASQU..HH,1,0.98377115,0.016228854656219482
4699371.IV.CASP..HH,1,0.84641474,0.1535852551460266
4699371.IV.CSNT..HH,1,0.99679315,0.0032068490982055664
4699371.IV.FNVD..HH,0,0.04831981,0.04831980913877487
4699371.IV.FROS..HH,1,0.99735385,0.002646148204803467
4699371.IV.LMD..HH,1,0.6177895,0.38221049308776855
4699371.IV.MTCR..EH,1,0.71852905,0.2814709544181824
4699371.IV.OSSC..HH,1,0.99767786,0.0023221373558044434
4699371.IV.PII..HH,1,0.4550555,0.5449444949626923
4699371.GU.POPM..HH,0,0.07966987,0.07966987043619156
4699371.IV.RUFI..EH,1,0.99810815,0.0018918514251708984
4699371.IV.SFI..EH,1,0.8850064,0.11499357223510742
4699371.IV.TRIF..HH,1,0.97206235,0.027937650680541992
4699441.IV.ASQU..HH,1,0.97333,0.026669979095458984
4699441.IV.CAFI..HH,1,0.99524784,0.004752159118652344
4699441.IV.CRE..HH,0,0.013350185,0.013350185006856918
4699441.IV.CSNT..HH,1,0.9965088,0.003491222858428955
4699441.IV.FROS..HH,1,0.9974772,0.0025228261947631836
4699441.GU.MAIM..HH,1,0.99182075,0.008179247379302979
4699441.IV.MTCR..EH,1,0.646243,0.35375702381134033
4699441.IV.OSSC..HH,1,0.9976477,0.002352297306060791
4699441.IV.PII..HH,0,0.033162408,0.03316240757703781
4699441.IV.RUFI..EH,1,0.9980663,0.0019336938858032227
4699441.IV.TRIF..HH,0,0.021508107,0.02150810696184635
4699731.IV.CAFI..HH,0,0.028371822,0.028371822088956833
4699731.IV.CSNT..HH,1,0.9972014,0.002798616886138916
4699731.IV.LMD..HH,1,0.9915367,0.00846332311630249
4699731.GU.MAIM..HH,0,0.01286339,0.012863390147686005
4699731.IV.OSSC..HH,1,0.9972033,0.0027967095375061035
4699731.IV.PII..HH,1,0.9438415,0.056158483028411865
4699731.IV.RUFI..EH,0,0.013485082,0.013485082425177097
4699841.IV.ARCI..HH,0,0.008029806,0.008029806427657604
4699841.IV.ASQU..HH,1,0.4781168,0.5218831896781921
4699841.IV.CAFI..HH,1,0.996137,0.0038629770278930664
4699841.IV.CSNT..HH,1,0.99513704,0.004862964153289795
4699841.IV.FROS..HH,1,0.9984231,0.0015769004821777344
4699841.IV.MTCR..EH,0,0.22082143,0.22082142531871796
4699841.IV.OSSC..HH,1,0.998357,0.0016430020332336426
4699841.IV.PII..HH,1,0.99743575,0.00256425142288208
4699841.IV.RUFI..EH,1,0.99635524,0.0036447644233703613
4699841.IV.TRIF..HH,0,0.009812991,0.009812991134822369
4700351.IV.CSNT..HH,1,0.9707301,0.029269874095916748
4700351.IV.OSSC..HH,1,0.98525167,0.014748334884643555
4700351.IV.PII..HH,1,0.19220811,0.8077918887138367
4700351.IV.RUFI..EH,1,0.9947765,0.005223512649536133
4700691.IV.ASQU..HH,0,0.10462289,0.10462289303541183
4700691.IV.CRE..HH,1,0.9383466,0.06165337562561035
4700691.IV.CRMI..HH,1,0.99289453,0.007105469703674316
4700691.IV.CSNT..HH,1,0.9978453,0.002154707908630371
4700691.GU.MAIM..HH,1,0.48967826,0.5103217363357544
4700691.IV.MTCR..EH,1,0.97375715,0.026242852210998535
4700691.IV.OSSC..HH,1,0.9949457,0.005054295063018799
4700691.IV.PII..HH,1,0.85718346,0.14281654357910156
4700691.GU.POPM..HH,1,0.99374306,0.0062569379806518555
4700691.IV.RUFI..EH,1,0.9971817,0.002818286418914795
4700691.IV.SFI..EH,0,0.0027185397,0.0027185396756976843
4700871.IV.ATVO..HH,1,0.90339756,0.0966024398803711
4700871.IV.CRMI..HH,0,0.005886373,0.005886373110115528
4700871.IV.CSNT..HH,1,0.9959631,0.004036903381347656
4700871.IV.FROS..HH,1,0.99831957,0.0016804337501525879
4700871.IV.OSSC..HH,1,0.9977414,0.002258598804473877
4700871.IV.SFI..EH,1,0.9958342,0.004165828227996826
4702511.IV.ARCI..HH,1,0.98273486,0.017265141010284424
4702511.IV.BDI..HH,0,0.10474884,0.10474883764982224
4702511.IV.CAFI..HH,1,0.98803526,0.011964738368988037
4702511.IV.CRE..HH,0,0.074458994,0.07445899397134781
4702511.IV.CRMI..HH,1,0.9258317,0.07416832447052002
4702511.IV.CSNT..HH,1,0.9976263,0.0023736953735351562
4702511.GU.MAIM..HH,1,0.5078338,0.4921662211418152
4702511.IV.OSSC..HH,1,0.99627095,0.0037290453910827637
4702511.IV.RUFI..EH,1,0.9962144,0.0037856101989746094
4702511.IV.SFI..EH,0,0.018453194,0.018453193828463554
4702611.IV.APEC..HH,0,0.022416633,0.022416632622480392
4702611.IV.ATFO..HH,0,0.003947171,0.003947170916944742
4702611.IV.ATPI..EH,0,0.0020480305,0.0020480304956436157
4702611.IV.ATTE..HH,1,0.996814,0.0031859874725341797
4702611.IV.ATVO..HH,0,0.0029532798,0.0029532797634601593
4702611.IV.BADI..EH,0,0.0020672716,0.0020672716200351715
4702611.IV.CAFI..HH,0,0.0037307115,0.0037307115271687508
4702611.IV.CASP..HH,1,0.9934846,0.006515383720397949
4702611.IV.CRMI..HH,0,0.0016075278,0.0016075278399512172
4702611.IV.CSNT..HH,1,0.9977071,0.0022928714752197266
4702611.IV.FNVD..HH,1,0.9631547,0.03684532642364502
4702611.IV.LMD..HH,1,0.99297744,0.007022559642791748
4702611.IV.MGAB..HH,1,0.9932706,0.006729423999786377
4702611.IV.MURB..HH,0,0.0048670894,0.004867089446634054
4702611.IV.NARO..HH,0,0.0368523,0.03685230016708374
4702611.IV.OSSC..HH,1,0.9984802,0.0015197992324829102
4702611.IV.PII..HH,0,0.0023692339,0.002369233872741461
4702611.IV.PLMA..HH,0,0.85217565,0.8521756529808044
4702611.GU.POPM..HH,1,0.9960929,0.0039070844650268555
4702611.IV.ROVR..HH,1,0.9969629,0.003037095069885254
4702611.IV.RUFI..EH,1,0.9979803,0.0020197033882141113
4702611.IV.SACS..HH,0,0.0039070644,0.003907064441591501
4702611.IV.TEOL..HH,1,0.9973638,0.0026361942291259766
4703551.IV.ASQU..HH,1,0.94873047,0.05126953125
4703551.IV.CRE..HH,1,0.9958681,0.004131913185119629
4703551.IV.CRMI..HH,1,0.99235374,0.0076462626457214355
4703551.IV.CSNT..HH,1,0.9793072,0.020692825317382812
4703551.IV.LMD..HH,1,0.97251356,0.027486443519592285
4703551.IV.MTCR..EH,0,0.026344031,0.02634403109550476
4703551.IV.OSSC..HH,1,0.20567998,0.7943200170993805
4703801.IV.ASQU..HH,1,0.007407553,0.9925924469716847
4703801.IV.CRMI..HH,1,0.41336787,0.5866321325302124
4703801.IV.CSNT..HH,1,0.80843073,0.1915692687034607
4703801.IV.OSSC..HH,1,0.99532866,0.004671335220336914
4703801.IV.RUFI..EH,1,0.9873955,0.012604475021362305
4703991.IV.CRMI..HH,0,0.0015339691,0.001533969072625041
4704171.IV.ARCI..HH,1,0.9781447,0.021855294704437256
4704171.IV.ASQU..HH,1,0.9970584,0.002941608428955078
4704171.IV.ATFO..HH,1,0.9909249,0.0090751051902771
4704171.IV.ATPI..EH,1,0.99230945,0.007690548896789551
4704171.IV.ATVO..HH,1,0.98334765,0.016652345657348633
4704171.IV.BADI..EH,1,0.99210036,0.007899641990661621
4704171.IV.BRIS..HH,1,0.994005,0.005994975566864014
4704171.IV.CAFI..HH,1,0.9899879,0.01001209020614624
4704171.IV.CASP..HH,1,0.99496746,0.005032539367675781
4704171.IV.CRE..HH,1,0.9921113,0.00788867473602295
4704171.IV.CRMI..HH,1,0.9633594,0.03664058446884155
4704171.IV.CSNT..HH,1,0.9949582,0.005041778087615967
4704171.GU.EQUI..HH,0,0.021238761,0.02123876102268696
4704171.IV.FIR..HH,1,0.92229015,0.0777098536491394
4704171.IV.FNVD..HH,1,0.9966275,0.003372490406036377
4704171.IV.LMD..HH,1,0.9724593,0.02754068374633789
4704171.GU.MAIM..HH,1,0.982989,0.017010986804962158
4704171.IV.MPAG..EH,1,0.99033314,0.009666860103607178
4704171.IV.MTCR..EH,1,0.997275,0.0027250051498413086
4704171.IV.OSSC..HH,1,0.9975023,0.0024976730346679688
4704171.IV.PIEI..HH,1,0.9968849,0.0031151175498962402
4704171.IV.PII..HH,1,0.9814736,0.01852637529373169
4704171.IV.RUFI..EH,1,0.79237187,0.20762813091278076
4704171.IV.SFI..EH,1,0.99667424,0.0033257603645324707
4705211.IV.CSNT..HH,1,0.90943366,0.09056633710861206
4705211.IV.OSSC..HH,0,0.12667935,0.12667934596538544
4705211.IV.RUFI..EH,1,0.99764645,0.0023535490036010742
4705361.IV.CSNT..HH,1,0.9960673,0.0039327144622802734
4705811.IV.OSSC..HH,1,0.9987114,0.00128859281539917
4706171.IV.ASQU..HH,1,0.10105253,0.8989474698901176
4706171.IV.CSNT..HH,1,0.9956268,0.00437319278717041
4706171.IV.OSSC..HH,1,0.99771863,0.002281367778778076
4706171.IV.PII..HH,1,0.24886833,0.7511316686868668
4706171.IV.RUFI..EH,1,0.99794924,0.00205075740814209
4706841.IV.CSNT..HH,0,0.35479784,0.3547978401184082
4706841.IV.LMD..HH,0,0.052916206,0.052916206419467926
4706841.GU.MAIM..HH,1,0.9856565,0.014343500137329102
4706841.IV.MTCR..EH,0,0.013310173,0.013310172595083714
4706841.IV.OSSC..HH,0,0.011494818,0.011494818143546581
4706841.IV.PII..HH,1,0.51566434,0.48433566093444824
4707391.IV.CRE..HH,0,0.010338169,0.01033816859126091
4707391.IV.CRMI..HH,0,0.021887248,0.021887248381972313
4707391.IV.CSNT..HH,1,0.6982285,0.30177152156829834
4707391.IV.LMD..HH,0,0.1197823,0.11978229880332947
4707391.GU.MAIM..HH,1,0.9401434,0.0598565936088562
4707391.IV.OSSC..HH,0,0.002888607,0.002888607094064355
4707391.IV.PII..HH,1,0.99553907,0.004460930824279785
4707391.IV.RUFI..EH,1,0.9974799,0.0025200843811035156
4707391.IV.SFI..EH,0,0.021295384,0.02129538357257843
4707531.IV.ASQU..HH,0,0.0064987037,0.006498703733086586
4707531.IV.CRMI..HH,1,0.9923525,0.007647514343261719
4707531.IV.CSNT..HH,1,0.99303204,0.00696796178817749
4707531.IV.LMD..HH,1,0.9537966,0.0462033748626709
4707531.IV.OSSC..HH,1,0.9967833,0.003216683864593506
4707921.IV.ASQU..HH,1,0.9968027,0.003197312355041504
4707921.IV.LMD..HH,0,0.013346041,0.01334604062139988
4707921.IV.OSSC..HH,0,0.16273749,0.16273748874664307
4707921.IV.PLMA..HH,0,0.0077282735,0.007728273514658213
4709731.IV.ARCI..HH,0,0.0052104555,0.005210455507040024
4709731.IV.ASQU..HH,1,0.99003977,0.00996023416519165
4709731.IV.BADI..EH,0,0.016428486,0.01642848551273346
4709731.IV.CRMI..HH,1,0.096825115,0.9031748846173286
4709731.IV.CSNT..HH,1,0.93731475,0.06268525123596191
4709731.IV.OSSC..HH,1,0.9974511,0.0025488734245300293
4709731.IV.PII..HH,0,0.009280623,0.009280622936785221
4709731.IV.RUFI..EH,1,0.9969175,0.0030825138092041016
4709731.IV.SFI..EH,0,0.013730855,0.013730854727327824
4710881.IV.CSNT..HH,1,0.99811804,0.0018819570541381836
4712101.IV.CAFI..HH,1,0.99290615,0.007093846797943115
4712101.IV.CSNT..HH,1,0.9968632,0.0031368136405944824
4712101.IV.SFI..EH,0,0.02268875,0.02268875017762184
4712371.IV.OSSC..HH,1,0.99716717,0.0028328299522399902
4712511.IV.CSNT..HH,1,0.99441755,0.005582451820373535
4712511.IV.OSSC..HH,1,0.9981906,0.0018094182014465332
4713781.IV.CSNT..HH,1,0.9991079,0.0008921027183532715
4713781.IV.OSSC..HH,1,0.9976098,0.0023902058601379395
4715451.IV.FIR..HH,1,0.9954004,0.004599571228027344
4715451.IV.OSSC..HH,1,0.9955787,0.00442129373550415
4715451.IV.RUFI..EH,1,0.9969022,0.0030977725982666016
4715601.IV.ASQU..HH,1,0.95521873,0.044781267642974854
4715601.IV.FROS..HH,0,0.49510518,0.49510517716407776
4716111.IV.CAFI..HH,1,0.99529344,0.00470656156539917
4716111.IV.CRMI..HH,0,0.01971158,0.019711580127477646
4716111.IV.CSNT..HH,1,0.9975151,0.002484917640686035
4716111.IV.FROS..HH,1,0.9936521,0.0063478946685791016
4716111.IV.PII..HH,1,0.99823433,0.0017656683921813965
4716111.IV.RUFI..EH,1,0.9963211,0.00367891788482666
4716451.IV.ATVO..HH,0,0.015928777,0.015928776934742928
4716451.IV.CAFI..HH,0,0.0028341182,0.002834118204191327
4716451.IV.CRMI..HH,0,0.0012051705,0.001205170527100563
4716451.IV.CSNT..HH,1,0.999041,0.0009589791297912598
4716451.IV.FROS..HH,1,0.9983196,0.0016803741455078125
4716451.IV.OSSC..HH,1,0.9986382,0.0013617873191833496
4716451.GU.POPM..HH,0,0.004417822,0.004417822230607271
4716451.IV.RUFI..EH,1,0.99861467,0.001385331153869629
4716451.IV.SACS..HH,0,0.0068513267,0.006851326674222946
4716451.IV.SFI..EH,1,0.99715006,0.0028499364852905273
4716451.IV.TRIF..HH,1,0.9975651,0.0024349093437194824
4717061.IV.ASQU..HH,0,0.004820387,0.004820386879146099
4717061.IV.CAFI..HH,1,0.99361897,0.006381034851074219
4717061.IV.CRE..HH,1,0.9288926,0.07110738754272461
4717061.IV.CRMI..HH,0,0.0073345318,0.0073345317505300045
4717061.IV.CSNT..HH,1,0.9946653,0.005334675312042236
4717061.GU.MAIM..HH,1,0.99624985,0.003750145435333252
4717061.IV.MTCR..EH,1,0.9753702,0.02462977170944214
4717061.IV.OSSC..HH,1,0.9984196,0.0015804171562194824
4717061.IV.PII..HH,1,0.99315035,0.00684964656829834
4717061.GU.POPM..HH,1,0.9960171,0.003982901573181152
4717061.IV.RUFI..EH,1,0.99830264,0.0016973614692687988
4717061.IV.SACS..HH,0,0.009492638,0.00949263758957386
4717061.IV.SFI..EH,0,0.014208234,0.014208233915269375
4717241.IV.ATVO..HH,1,0.99709487,0.002905130386352539
4717241.IV.CAFI..HH,0,0.0066073285,0.006607328541576862
4717241.IV.CSNT..HH,1,0.99773914,0.002260863780975342
4717241.IV.FROS..HH,1,0.9987155,0.001284480094909668
4717241.IV.OSSC..HH,1,0.9979682,0.0020318031311035156
4717241.IV.PII..HH,0,0.003042962,0.003042961936444044
4717241.IV.RUFI..EH,1,0.9976133,0.0023866891860961914
4717351.IV.CAFI..HH,1,0.9961005,0.003899514675140381
4717351.GU.CARD..HH,0,0.04062775,0.040627751499414444
4717351.IV.CSNT..HH,1,0.9960688,0.003931224346160889
4717351.GU.MAIM..HH,0,0.22950631,0.22950631380081177
4717351.IV.MTCR..EH,1,0.99627405,0.0037259459495544434
4717931.IV.ASQU..HH,0,0.0043587387,0.004358738660812378
4717931.IV.CAFI..HH,1,0.9970704,0.0029296278953552246
4717931.IV.CSNT..HH,1,0.9961024,0.0038976073265075684
4717931.IV.LMD..HH,1,0.9752317,0.024768292903900146
4717931.GU.MAIM..HH,1,0.9942368,0.0057631731033325195
4717931.IV.MTCR..EH,0,0.026278188,0.026278188452124596
4718101.GU.EQUI..HH,0,0.016188556,0.01618855632841587
4718491.IV.ATFO..HH,1,0.995154,0.004845976829528809
4718491.IV.ATVO..HH,1,0.99474096,0.005259037017822266
4718491.IV.BADI..EH,1,0.99202275,0.00797724723815918
4718491.IV.BDI..HH,0,0.05046533,0.050465330481529236
4718491.IV.BRIS..HH,1,0.9937033,0.006296694278717041
4718491.IV.CAFI..HH,0,0.0051722145,0.005172214470803738
4718491.IV.CASP..HH,0,0.030080715,0.03008071519434452
4718491.IV.CRE..HH,1,0.9825181,0.01748192310333252
4718491.IV.CSNT..HH,1,0.9961969,0.003803074359893799
4718491.IV.FNVD..HH,1,0.98209846,0.01790153980255127
4718491.GU.MAIM..HH,1,0.99550676,0.004493236541748047
4718491.IV.OSSC..HH,0,0.0039733415,0.0039733415469527245
4718491.IV.PARC..HH,1,0.9794906,0.020509421825408936
4718491.IV.PII..HH,0,0.00423261,0.004232610110193491
4718491.GU.POPM..HH,0,0.007812676,0.007812676019966602
4718491.IV.SFI..EH,0,0.030041173,0.030041173100471497
4718891.IV.CSNT..HH,1,0.98569995,0.014300048351287842
4718891.IV.OSSC..HH,1,0.99437404,0.00562596321105957
4718891.IV.RUFI..EH,1,0.9860906,0.013909399509429932
4720231.IV.CSNT..HH,1,0.9957587,0.004241287708282471
4720231.IV.OSSC..HH,1,0.9986402,0.0013598203659057617
4720361.IV.ATPI..EH,1,0.99407804,0.00592195987701416
4720361.IV.ATVO..HH,1,0.9343437,0.06565630435943604
4720361.IV.BADI..EH,1,0.9830293,0.016970694065093994
4720361.GU.CARD..HH,0,0.005218215,0.005218214821070433
4720361.GU.MAIM..HH,1,0.99530804,0.004691958427429199
4720361.IV.MCIV..HH,0,0.021286007,0.0212860070168972
4720361.IV.PARC..HH,1,0.98576283,0.014237165451049805
4720361.GU.POPM..HH,1,0.9783695,0.021630525588989258
4721411.IV.LMD..HH,0,0.0070564114,0.0070564113557338715
4721561.IV.CSNT..HH,0,0.0066437647,0.006643764674663544
4721561.IV.OSSC..HH,0,0.0037506875,0.003750687465071678
4721561.IV.RUFI..EH,1,0.99868727,0.0013127326965332031
4721671.IV.CSNT..HH,1,0.9972119,0.0027881264686584473
4721671.IV.LMD..HH,0,0.23280723,0.2328072339296341
4721821.GU.CARD..HH,1,0.98138845,0.018611550331115723
4721821.IV.CRMI..HH,0,0.0018134433,0.0018134432611986995
4721821.GU.EQUI..HH,0,0.0062325587,0.006232558749616146
4721821.IV.FROS..HH,1,0.9984843,0.0015156865119934082
4721821.IV.PARC..HH,1,0.9944497,0.0055503249168396
4721821.IV.PII..HH,0,0.00175311,0.001753109972923994
4722511.IV.CSNT..HH,1,0.99134105,0.008658945560455322
4723871.GU.MAIM..HH,0,0.06697654,0.06697653979063034
4726211.IV.BDI..HH,1,0.7771348,0.22286522388458252
4726211.IV.CASP..HH,0,0.0050375736,0.005037573631852865
4726211.IV.CSNT..HH,1,0.9983432,0.0016567707061767578
4726211.IV.FROS..HH,1,0.9976573,0.002342700958251953
4726211.IV.LMD..HH,0,0.043753784,0.04375378414988518
4726211.GU.MAIM..HH,1,0.9974844,0.0025156140327453613
4726211.IV.MGAB..HH,1,0.99366444,0.006335556507110596
4726211.IV.SSP9..EH,1,0.9728691,0.02713090181350708
4726211.MN.VLC..HH,1,0.96947074,0.030529260635375977
4729881.IV.LMD..HH,1,0.9755943,0.024405717849731445
4729881.IV.PII..HH,0,0.815717,0.8157169818878174
4729881.GU.POPM..HH,1,0.9733945,0.02660548686981201
4729881.IV.SFI..EH,1,0.9764488,0.023551225662231445
4731491.IV.ASQU..HH,0,0.00922255,0.009222550317645073
4731491.IV.BDI..HH,1,0.9436361,0.05636388063430786
4731491.IV.CASP..HH,1,0.9942929,0.005707085132598877
4731491.IV.FROS..HH,1,0.9983826,0.0016173720359802246
4731491.IV.LMD..HH,1,0.9850069,0.014993071556091309
4731491.GU.MAIM..HH,0,0.0021474704,0.0021474703680723906
4731491.IV.MTCR..EH,0,0.0068988022,0.006898802239447832
4731491.IV.PII..HH,0,0.002517811,0.0025178110226988792
4731491.GU.POPM..HH,0,0.010607436,0.010607436299324036
4731491.IV.SFI..EH,1,0.98980427,0.010195732116699219
4731491.IV.SSP9..EH,1,0.9913536,0.00864642858505249
4731491.IV.TRIF..HH,1,0.9950354,0.004964590072631836
4733431.IV.ASQU..HH,0,0.02133007,0.02133006975054741
4733431.IV.FROS..HH,0,0.21211849,0.2121184915304184
4733431.IV.LMD..HH,0,0.020173239,0.020173238590359688
4733431.GU.MAIM..HH,0,0.045138028,0.045138027518987656
4733431.IV.SFI..EH,0,0.026909001,0.026909001171588898
4738841.IV.ASQU..HH,1,0.9966709,0.0033290982246398926
4738841.IV.ATFO..HH,0,0.14395587,0.14395587146282196
4738841.IV.BRIS..HH,0,0.01989678,0.01989677920937538
4738841.IV.CAFI..HH,0,0.002332003,0.0023320030886679888
4738841.IV.CASP..HH,1,0.99323565,0.006764352321624756
4738841.IV.CRMI..HH,0,0.0015394848,0.0015394848305732012
4738841.IV.CSNT..HH,1,0.9979616,0.002038419246673584
4738841.IV.FROS..HH,1,0.99877834,0.0012216567993164062
4738841.IV.MTCR..EH,1,0.9960878,0.003912210464477539
4738841.IV.PII..HH,0,0.0060053435,0.0060053435154259205
4738841.IV.RUFI..EH,1,0.9986581,0.0013418793678283691
4738841.IV.TRIF..HH,1,0.99692553,0.003074467182159424
4740701.IV.CSNT..HH,0,0.0014732975,0.0014732974814251065
4747131.IV.FNVD..HH,0,0.010397888,0.010397887788712978
4747131.IV.OSSC..HH,1,0.9988686,0.0011314153671264648
4747131.IV.PII..HH,0,0.10151481,0.10151480883359909
4747131.IV.RUFI..EH,1,0.9982596,0.0017403960227966309
4749761.IV.CSNT..HH,0,0.02291772,0.022917719557881355
4749761.IV.FROS..HH,1,0.99013215,0.009867846965789795
4749761.IV.MTCR..EH,1,0.3469501,0.653049886226654
4749761.IV.OSSC..HH,0,0.014194954,0.014194954186677933
4749761.IV.PII..HH,0,0.12434273,0.12434273213148117
4749761.IV.RUFI..EH,1,0.99773437,0.002265632152557373
4751961.IV.CSNT..HH,0,0.0054845023,0.005484502296894789
4751961.IV.FROS..HH,1,0.016628588,0.9833714123815298
4751961.IV.OSSC..HH,0,0.017185299,0.01718529872596264
4751961.IV.RUFI..EH,1,0.9929469,0.007053077220916748
4753751.IV.ATPI..EH,1,0.99507535,0.004924654960632324
4753751.IV.ATTE..HH,1,0.99165946,0.008340537548065186
4753751.IV.ATVO..HH,1,0.969557,0.030443012714385986
4753751.IV.BADI..EH,1,0.9972368,0.002763211727142334
4753751.IV.BDI..HH,1,0.98831207,0.011687934398651123
4753751.IV.CAFI..HH,0,0.021917218,0.02191721834242344
4753751.IV.CASP..HH,1,0.9930028,0.006997227668762207
4753751.IV.CRMI..HH,0,0.0013592215,0.001359221525490284
4753751.IV.CSNT..HH,1,0.9944553,0.005544722080230713
4753751.IV.FROS..HH,1,0.99883425,0.0011657476425170898
4753751.IV.MTCR..EH,0,0.9390968,0.9390968084335327
4753751.IV.MURB..HH,1,0.98495233,0.015047669410705566
4753751.IV.OSSC..HH,1,0.99792904,0.0020709633827209473
4753751.IV.PIEI..HH,1,0.9935063,0.006493687629699707
4753751.IV.PII..HH,0,0.0055042705,0.005504270549863577
4753751.IV.RUFI..EH,1,0.9983894,0.00161057710647583
4753751.IV.SACS..HH,1,0.99658513,0.0034148693084716797
4753751.IV.SNTG..HH,1,0.9847597,0.015240311622619629
4753751.IV.TAV1..HH,0,0.17200924,0.17200924456119537
4753751.IV.TRIF..HH,1,0.995514,0.004486024379730225
4759811.IV.RUFI..EH,1,0.9979866,0.00201338529586792
4759811.IV.TAV1..HH,0,0.1109914,0.11099140346050262
4763181.IV.TAV1..HH,1,0.99837023,0.0016297698020935059
4764231.IV.ATVO..HH,1,0.9940947,0.005905270576477051
4764231.IV.CSNT..HH,0,0.019967677,0.01996767707169056
4764231.IV.FROS..HH,1,0.99457043,0.005429565906524658
4764231.IV.RUFI..EH,1,0.99802035,0.001979649066925049
4764231.IV.TAV1..HH,1,0.99692774,0.0030722618103027344
4775271.IV.FROS..HH,1,0.99488956,0.005110442638397217
4775271.GU.MAIM..HH,0,0.008163508,0.008163508027791977
4775271.IV.PII..HH,0,0.0026825212,0.002682521240785718
4783501.IV.CSNT..HH,1,0.9988131,0.0011869072914123535
4783501.IV.OSSC..HH,1,0.99770427,0.0022957324981689453
4788891.IV.CSNT..HH,0,0.0059629255,0.005962925497442484
4788891.IV.RUFI..EH,1,0.9970493,0.002950727939605713
4793211.IV.OSSC..HH,1,0.99585044,0.0041495561599731445
4795471.IV.RUFI..EH,1,0.9880422,0.011957824230194092
4796161.IV.CSNT..HH,0,0.008066488,0.008066488429903984
4796551.IV.PII..HH,0,0.34158593,0.3415859341621399
4796551.IV.RUFI..EH,1,0.9930559,0.006944119930267334
4796651.IV.CSNT..HH,0,0.0073511763,0.007351176347583532
4796651.IV.OSSC..HH,1,0.9976426,0.0023574233055114746
4799571.IV.LMD..HH,0,0.82252866,0.8225286602973938
4799571.GU.POPM..HH,1,0.99639463,0.003605365753173828
4799571.IV.ZCCA..HH,1,0.9969369,0.0030630826950073242
4801791.IV.ARCI..HH,1,0.9902701,0.009729921817779541
4801791.IV.ASQU..HH,1,0.69150746,0.3084925413131714
4801791.IV.ATVO..HH,1,0.99541545,0.004584550857543945
4801791.IV.BDI..HH,1,0.9776174,0.022382616996765137
4801791.IV.BRIS..HH,1,0.1313147,0.8686853051185608
4801791.IV.CAFI..HH,0,0.045041166,0.04504116624593735
4801791.GU.CARD..HH,1,0.95277363,0.04722636938095093
4801791.IV.CASP..HH,1,0.99180037,0.008199632167816162
4801791.IV.CRE..HH,1,0.25670445,0.7432955503463745
4801791.IV.CSNT..HH,0,0.014418394,0.014418394304811954
4801791.IV.FNVD..HH,1,0.3982069,0.601793110370636
4801791.GU.GRAM..HH,1,0.906169,0.09383100271224976
4801791.IV.LMD..HH,1,0.9654034,0.03459662199020386
4801791.GU.MAIM..HH,0,0.026974073,0.02697407267987728
4801791.IV.MTCR..EH,1,0.41080785,0.5891921520233154
4801791.IV.OSSC..HH,0,0.024290813,0.024290813133120537
4801791.IV.PARC..HH,1,0.97071946,0.029280543327331543
4801791.IV.PII..HH,0,0.030884152,0.0308841522783041
4801791.IV.PLMA..HH,0,0.01758932,0.017589319497346878
4801791.GU.POPM..HH,1,0.2732616,0.7267383933067322
4801791.IV.RUFI..EH,1,0.997479,0.0025209784507751465
4801791.IV.SSP9..EH,0,0.04391806,0.04391805827617645
4801791.IV.TAV1..HH,0,0.012420984,0.012420983985066414
4801791.MN.VLC..HH,0,0.03644787,0.03644787147641182
4812141.IV.CSNT..HH,0,0.0036440128,0.0036440128460526466
4812141.IV.OSSC..HH,0,0.005894309,0.005894308909773827
4812141.IV.PII..HH,0,0.0035982053,0.003598205279558897
4812141.IV.RUFI..EH,1,0.9989248,0.0010752081871032715
4812141.IV.TAV1..HH,0,0.010814582,0.010814581997692585
4813461.IV.RAVA..EH,0,0.005989874,0.00598987378180027
4815271.IV.BOB..HH,0,0.005413189,0.005413189064711332
4815951.IV.CRMI..HH,0,0.0033785705,0.003378570545464754
4815951.IV.MTCR..EH,1,0.99684405,0.003155946731567383
4815951.IV.RUFI..EH,1,0.97981846,0.02018153667449951
4819591.IV.ASQU..HH,0,0.017881803,0.01788180321455002
4819591.IV.PII..HH,1,0.8427516,0.1572483777999878
4832461.IV.MTRZ..HH,0,0.0011593672,0.0011593671515583992
4832611.IV.ARCI..HH,0,0.0014570272,0.0014570271596312523
4833021.IV.ARCI..HH,1,0.9951819,0.004818081855773926
4833021.IV.ATFO..HH,1,0.99063325,0.009366750717163086
4833021.IV.CAFI..HH,1,0.9947436,0.0052564144134521484
4833021.IV.CRE..HH,1,0.9915547,0.008445322513580322
4833021.IV.CSNT..HH,1,0.995849,0.004150986671447754
4833021.IV.OSSC..HH,1,0.98900855,0.010991454124450684
4833021.IV.PARC..HH,1,0.9974605,0.002539515495300293
4833021.IV.TAV1..HH,1,0.9693726,0.030627429485321045
4840851.IV.ASQU..HH,1,0.823512,0.1764879822731018
4840851.IV.ATVO..HH,1,0.9816515,0.018348515033721924
4840851.IV.CRE..HH,0,0.046929415,0.04692941531538963
4840851.IV.LMD..HH,1,0.55600756,0.4439924359321594
4840851.GU.MAIM..HH,0,0.015950946,0.015950946137309074
4840851.IV.MTCR..EH,0,0.056835324,0.056835323572158813
4840851.IV.PARC..HH,0,0.9574624,0.9574623703956604
4840851.IV.PIEI..HH,1,0.060521055,0.9394789449870586
4840851.IV.RUFI..EH,1,0.9968677,0.0031322836875915527
4840851.IV.SACS..HH,0,0.1119058,0.11190579831600189
4840851.IV.SFI..EH,0,0.59154403,0.5915440320968628
4859751.GU.EQUI..HH,0,0.0022190816,0.002219081623479724
4859751.GU.GRAM..HH,1,0.996939,0.0030609965324401855
4859751.IV.MSSA..HH,1,0.9987323,0.0012676715850830078
4859751.IV.PLMA..HH,0,0.013178063,0.013178062625229359
4859751.MN.VLC..HH,0,0.004740716,0.004740715958178043
4861741.IV.BDI..HH,0,0.009659185,0.009659185074269772
4861741.IV.ERBM..EH,1,0.9962106,0.0037894248962402344
4861741.GU.GRAM..HH,0,0.15904264,0.15904264152050018
4868871.IV.CAVE..HH,0,0.52981967,0.529819667339325
4868871.IV.TEOL..HH,0,0.004718669,0.0047186692245304585
4872921.IV.FNVD..HH,0,0.0039900355,0.003990035504102707
4873841.IV.BDI..HH,1,0.99559915,0.004400849342346191
4873841.IV.BRIS..HH,1,0.9947596,0.005240380764007568
4873841.GU.CARD..HH,0,0.021018784,0.02101878449320793
4873841.IV.PII..HH,1,0.9985415,0.0014585256576538086
4873841.GU.POPM..HH,1,0.99857986,0.001420140266418457
4873841.IV.RUFI..EH,0,0.03209122,0.03209121897816658
4873841.IV.ZCCA..HH,0,0.0026285532,0.002628553193062544
4873871.IV.FNVD..HH,0,0.0016404314,0.0016404313500970602
4873871.IV.MTCR..EH,1,0.9991036,0.0008963942527770996
4873951.IV.BDI..HH,1,0.9957309,0.004269123077392578
4873951.IV.FNVD..HH,0,0.002613331,0.0026133309584110975
4873951.IV.MTCR..EH,1,0.9987628,0.0012372136116027832
4873951.IV.MTRZ..HH,1,0.9975128,0.0024871826171875
4873951.IV.PII..HH,1,0.99873835,0.0012616515159606934
4873951.GU.POPM..HH,1,0.9984132,0.0015867948532104492
4873951.IV.ZCCA..HH,0,0.0014803383,0.0014803382800891995
4874171.IV.FNVD..HH,0,0.0034419682,0.00344196823425591
4874171.IV.MTCR..EH,1,0.9942713,0.005728721618652344
4874171.GU.POPM..HH,1,0.99577045,0.004229545593261719
4874601.IV.CAFI..HH,1,0.9863889,0.013611078262329102
4874601.GU.GRAM..HH,0,0.0223313,0.022331299260258675
4874601.IV.OSSC..HH,0,0.047732934,0.04773293435573578
4874601.MN.VLC..HH,1,0.98785233,0.012147665023803711
4874981.IV.MTCR..EH,1,0.99883735,0.0011626482009887695
4874981.GU.POPM..HH,1,0.997835,0.0021650195121765137
4875071.GU.POPM..HH,1,0.99710196,0.0028980374336242676
4875201.IV.BDI..HH,0,0.029319158,0.02931915782392025
4875201.IV.FNVD..HH,0,0.0021665876,0.0021665876265615225
4875201.GU.MAIM..HH,1,0.96257097,0.03742903470993042
4875201.IV.MTCR..EH,1,0.99411976,0.005880236625671387
4875201.GU.POPM..HH,1,0.9986146,0.0013853907585144043
4875201.MN.VLC..HH,0,0.01539977,0.015399769879877567
4875201.IV.ZCCA..HH,0,0.0023083044,0.0023083044216036797
4875331.IV.MTCR..EH,1,0.99910307,0.0008969306945800781
4875331.IV.PII..HH,1,0.9903011,0.009698927402496338
4875331.GU.POPM..HH,1,0.9965895,0.003410518169403076
4875411.IV.APPI..EH,0,0.003869516,0.0038695160765200853
4875411.IV.BADI..EH,0,0.0031614725,0.00316147250123322
4875411.IV.BRIS..HH,1,0.9958977,0.00410228967666626
4875411.IV.BRMO..HH,0,0.04272178,0.04272177815437317
4875411.IV.CAFI..HH,1,0.9935371,0.00646287202835083
4875411.GU.CARD..HH,1,0.9954653,0.004534721374511719
4875411.IV.CRMI..HH,1,0.98896116,0.01103883981704712
4875411.GU.EQUI..HH,1,0.99598587,0.004014134407043457
4875411.IV.ERBM..EH,1,0.9973016,0.0026984214782714844
4875411.IV.FNVD..HH,0,0.0022842132,0.00228421320207417
4875411.SI.LUSI..HH,0,0.003032606,0.0030326060950756073
4875411.IV.MABI..HH,0,0.0075608864,0.007560886442661285
4875411.IV.MAGA..HH,0,0.0013289225,0.0013289224589243531
4875411.GU.MAIM..HH,1,0.9968857,0.0031142830848693848
4875411.IV.MTCR..EH,1,0.99685043,0.003149569034576416
4875411.IV.MTRZ..HH,1,0.9979376,0.002062380313873291
4875411.IV.PII..HH,1,0.9983039,0.0016961097717285156
4875411.GU.POPM..HH,1,0.9984972,0.0015028119087219238
4875411.IV.RUFI..EH,1,0.99877894,0.0012210607528686523
4875411.IV.TEOL..HH,0,0.0022741908,0.0022741907741874456
4875411.MN.VLC..HH,1,0.99589944,0.0041005611419677734
4875411.IV.ZCCA..HH,1,0.99809796,0.0019020438194274902
4876411.IV.FNVD..HH,0,0.0053302026,0.0053302026353776455
4876411.IV.LMD..HH,0,0.0059595373,0.005959537345916033
4876411.GU.MAIM..HH,1,0.9719699,0.028030097484588623
4876411.IV.MTRZ..HH,1,0.9802539,0.019746124744415283
4876411.GU.POPM..HH,1,0.9987106,0.0012894272804260254
4876721.IV.ERBM..EH,0,0.012584565,0.012584565207362175
4877001.IV.PII..HH,0,0.014962103,0.014962103217840195
4877051.IV.PII..HH,1,0.95661664,0.04338335990905762
4877221.IV.FNVD..HH,0,0.0043011783,0.004301178269088268
4877221.IV.MTCR..EH,1,0.9988653,0.0011346936225891113
4877771.IV.FNVD..HH,0,0.002618652,0.002618652069941163
4877771.IV.LMD..HH,1,0.9814759,0.018524110317230225
4877771.IV.MTCR..EH,1,0.9986076,0.0013924241065979004
4877771.IV.SEI..HH,1,0.9963926,0.0036073923110961914
4877771.IV.ZCCA..HH,1,0.9959382,0.0040618181228637695
4878511.IV.FNVD..HH,0,0.0033708964,0.0033708964474499226
4878911.GU.POPM..HH,1,0.99683666,0.0031633377075195312
4879191.IV.BDI..HH,1,0.9968439,0.003156125545501709
4879191.GU.MAIM..HH,1,0.9976007,0.0023993253707885742
4879191.IV.MTCR..EH,1,0.9982034,0.0017966032028198242
4879191.IV.MTRZ..HH,1,0.99808013,0.001919865608215332
4879191.IV.PII..HH,1,0.99732035,0.0026796460151672363
4879191.GU.POPM..HH,1,0.99862266,0.0013773441314697266
4879191.IV.SEI..HH,1,0.99639523,0.0036047697067260742
4879191.IV.ZCCA..HH,1,0.9979794,0.002020597457885742
4879791.IV.BDI..HH,1,0.9971591,0.002840876579284668
4879791.IV.BRIS..HH,0,0.0034286329,0.0034286328591406345
4879791.IV.MTRZ..HH,1,0.99770397,0.0022960305213928223
4879791.IV.PII..HH,1,0.9971623,0.0028377175331115723
4879791.GU.POPM..HH,1,0.9985284,0.0014715790748596191
4879791.IV.RUFI..EH,1,0.9939782,0.0060217976570129395
4879791.IV.SFI..EH,1,0.9713516,0.02864837646484375
4879791.IV.ZCCA..HH,1,0.9972325,0.002767503261566162
4880561.IV.FNVD..HH,0,0.0031759737,0.0031759736593812704
4880561.GU.POPM..HH,1,0.9982448,0.0017551779747009277
4880891.IV.FNVD..HH,0,0.002154996,0.002154995920136571
4880891.IV.MTCR..EH,1,0.9987178,0.0012822151184082031
4880891.GU.POPM..HH,1,0.9963091,0.0036908984184265137
4881301.IV.MTCR..EH,1,0.99844193,0.001558065414428711
4881341.IV.BDI..HH,0,0.0053246086,0.005324608646333218
4881341.IV.FNVD..HH,0,0.0018148412,0.0018148411763831973
4881341.IV.SEI..HH,0,0.0034825918,0.003482591826468706
4881441.IV.SEI..HH,1,0.9977324,0.002267599105834961
4881441.IV.SFI..EH,1,0.99395716,0.006042838096618652
4881811.IV.RUFI..EH,0,0.0099679595,0.009967959485948086
4882811.IV.MTCR..EH,1,0.99807155,0.0019284486770629883
4882811.IV.SEI..HH,0,0.005344442,0.005344442091882229
4883051.IV.MTCR..EH,1,0.9982142,0.0017858147621154785
4883051.GU.POPM..HH,1,0.9976562,0.00234377384185791
4883661.IV.CSNT..HH,0,0.025878813,0.02587881311774254
4886671.GU.POPM..HH,1,0.9983904,0.0016096234321594238
4886931.IV.FNVD..HH,0,0.0018325304,0.0018325303681194782
4887121.IV.FNVD..HH,0,0.0057732193,0.005773219279944897
4887121.GU.POPM..HH,1,0.99810797,0.0018920302391052246
4887121.IV.ZCCA..HH,1,0.99761534,0.002384662628173828
4887151.GU.POPM..HH,1,0.9984708,0.0015292167663574219
4887221.IV.BDI..HH,1,0.99571335,0.004286646842956543
4887221.IV.MTRZ..HH,1,0.99845326,0.0015467405319213867
4887221.IV.PII..HH,1,0.9967361,0.0032638907432556152
4887221.GU.POPM..HH,1,0.99775815,0.002241849899291992
4887221.IV.RUFI..EH,1,0.9974505,0.0025495290756225586
4887561.IV.MTRZ..HH,1,0.99510694,0.004893064498901367
4887561.GU.POPM..HH,1,0.9987766,0.0012233853340148926
4887561.IV.SEI..HH,0,0.0020004213,0.0020004212856292725
4887731.IV.MTCR..EH,1,0.99549294,0.0045070648193359375
4887731.IV.MTRZ..HH,1,0.99858564,0.0014143586158752441
4887731.GU.POPM..HH,1,0.99787295,0.00212705135345459
4887861.IV.FNVD..HH,0,0.0010455537,0.0010455537121742964
4887861.GU.POPM..HH,1,0.9968179,0.0031821131706237793
4888381.GU.POPM..HH,1,0.99746895,0.0025310516357421875
4888381.IV.ZCCA..HH,1,0.9981083,0.0018916726112365723
4888431.GU.POPM..HH,1,0.9925206,0.007479429244995117
4888991.IV.MTCR..EH,1,0.9985967,0.0014032721519470215
4891591.IV.BDI..HH,0,0.01691607,0.016916070133447647
4891591.IV.FNVD..HH,0,0.013713165,0.013713165186345577
4891591.IV.MTCR..EH,1,0.9979509,0.002049088478088379
4891591.GU.POPM..HH,1,0.99795175,0.0020482540130615234
4891591.IV.SEI..HH,0,0.016272629,0.01627262867987156
4894271.IV.FNVD..HH,0,0.009960136,0.009960136376321316
4894271.IV.MTCR..EH,1,0.9975003,0.002499699592590332
4894271.IV.MTRZ..HH,1,0.9966253,0.0033746957778930664
4894271.GU.POPM..HH,1,0.99854094,0.0014590620994567871
4894271.IV.ZCCA..HH,1,0.996652,0.0033479928970336914
4901941.IV.MTCR..EH,1,0.9988072,0.0011928081512451172
4902691.IV.FNVD..HH,0,0.6447735,0.6447734832763672
4902691.IV.MTCR..EH,1,0.56583464,0.434165358543396
4902691.IV.MTRZ..HH,1,0.9927389,0.007261097431182861
4902691.GU.POPM..HH,1,0.99887526,0.001124739646911621
4903271.IV.ASQU..HH,1,0.99344426,0.006555736064910889
4903271.IV.BRIS..HH,0,0.001751291,0.0017512909835204482
4903271.IV.LMD..HH,1,0.9961724,0.0038275718688964844
4903271.IV.SFI..EH,1,0.9969077,0.0030922889709472656
4904171.IV.ASQU..HH,0,0.095878676,0.09587867558002472
4904171.IV.LMD..HH,1,0.9973888,0.002611219882965088
4904171.IV.MTCR..EH,0,0.011357763,0.011357762850821018
4904171.IV.RUFI..EH,0,0.01248312,0.01248311996459961
4906881.GU.GRAM..HH,1,0.99088657,0.009113430976867676
4906881.IV.MSSA..HH,1,0.9931454,0.006854593753814697
4918801.IV.RAVA..EH,0,0.0088358475,0.008835847489535809
4918801.IV.TEOL..HH,0,0.022218956,0.02221895568072796
4933751.IV.BOB..HH,1,0.9780401,0.021959900856018066
4933751.GU.EQUI..HH,1,0.9907771,0.009222924709320068
4933751.GU.GORR..HH,1,0.9956358,0.004364192485809326
4933751.GU.GRAM..HH,1,0.99484503,0.005154967308044434
4933751.IV.MSSA..HH,1,0.9987244,0.0012755990028381348
4933751.IV.PLMA..HH,1,0.9956641,0.004335880279541016
4934891.GU.POPM..HH,1,0.99182975,0.008170247077941895
4941021.IV.BDI..HH,0,0.010868996,0.010868996381759644
4963351.IV.CSNT..HH,0,0.0027156812,0.0027156812138855457
4963351.IV.OSSC..HH,0,0.008583896,0.008583895862102509
4965101.IV.BDI..HH,1,0.99674106,0.003258943557739258
4965101.IV.MTCR..EH,1,0.9969623,0.003037691116333008
4965101.IV.ZCCA..HH,1,0.9985166,0.0014833807945251465
4965151.IV.BDI..HH,1,0.9982969,0.0017030835151672363
4965151.IV.MTCR..EH,1,0.9986408,0.0013592243194580078
4965151.IV.PII..HH,0,0.0058876155,0.005887615494430065
4965151.GU.POPM..HH,1,0.9976262,0.002373814582824707
4965151.MN.VLC..HH,0,0.01036287,0.010362870059907436
4965761.GU.GRAM..HH,0,0.0024029126,0.0024029125925153494
4966761.IV.ASQU..HH,1,0.9955325,0.004467487335205078
4966761.IV.BDI..HH,1,0.9980447,0.001955270767211914
4966761.GU.EQUI..HH,1,0.08834746,0.9116525426506996
4966761.GU.GRAM..HH,1,0.75415474,0.2458452582359314
4967871.IV.BDI..HH,1,0.9978381,0.0021619200706481934
4967871.IV.MTCR..EH,1,0.9980611,0.0019388794898986816
4967871.IV.ZCCA..HH,1,0.99906456,0.0009354352951049805
4968311.IV.ERBM..EH,1,0.98542094,0.014579057693481445
4968311.IV.MTCR..EH,1,0.9982246,0.0017753839492797852
4968311.GU.POPM..HH,1,0.9976124,0.0023875832557678223
4968501.MN.VLC..HH,0,0.0029340982,0.002934098243713379
4969491.GU.CARD..HH,1,0.87637144,0.12362855672836304
4969491.IV.CRE..HH,0,0.80210894,0.8021089434623718
4969491.IV.ERBM..EH,1,0.010726178,0.9892738219350576
4969491.IV.FNVD..HH,0,0.080572866,0.08057286590337753
4969491.IV.SFI..EH,1,0.25642276,0.743577241897583
4972511.GU.CARD..HH,1,0.07173468,0.928265318274498
4972511.GU.POPM..HH,1,0.01530931,0.9846906904131174
4972761.IV.BDI..HH,1,0.9932775,0.006722509860992432
4972761.GU.POPM..HH,1,0.21789932,0.7821006774902344
4972761.IV.ZCCA..HH,1,0.9980393,0.0019606947898864746
4974961.IV.FNVD..HH,1,0.9983553,0.0016446709632873535
4974961.IV.MTCR..EH,1,0.99686015,0.0031398534774780273
4974961.IV.MTRZ..HH,1,0.9981764,0.0018236041069030762
4974961.IV.SEI..HH,1,0.99910754,0.0008924603462219238
4975321.IV.APEC..HH,0,0.0069320705,0.006932070478796959
4975321.IV.APPI..EH,0,0.008608579,0.008608578704297543
4975321.IV.ASQU..HH,1,0.99779636,0.002203643321990967
4975321.IV.ATVO..HH,0,0.0014080871,0.0014080870896577835
4975321.IV.BADI..EH,1,0.95667326,0.043326735496520996
4975321.IV.BDI..HH,1,0.994499,0.005500972270965576
4975321.IV.BLLA..EH,1,0.9927485,0.0072515010833740234
4975321.IV.CPGN..EH,0,0.6648988,0.6648988127708435
4975321.IV.CRMI..HH,1,0.9970905,0.0029094815254211426
4975321.IV.CSNT..HH,1,0.98628336,0.013716638088226318
4975321.IV.FNVD..HH,1,0.99859464,0.0014053583145141602
4975321.IV.FOSV..EH,1,0.9952859,0.004714071750640869
4975321.IV.FROS..HH,1,0.99583006,0.004169940948486328
4975321.GU.GRAM..HH,0,0.0035608287,0.0035608287435024977
4975321.IV.IMOL..EH,1,0.9757966,0.02420341968536377
4975321.IV.LMD..HH,1,0.9977809,0.002219080924987793
4975321.IV.MTCR..EH,1,0.99832517,0.0016748309135437012
4975321.IV.MTRZ..HH,1,0.997506,0.0024939775466918945
4975321.IV.OSSC..HH,1,0.9938855,0.006114482879638672
4975321.IV.PARC..HH,0,0.0025662894,0.0025662893895059824
4975321.IV.PESA..HH,0,0.024202064,0.02420206367969513
4975321.GU.POPM..HH,1,0.99828947,0.0017105340957641602
4975321.IV.RUFI..EH,1,0.99836516,0.001634836196899414
4975321.IV.SEI..HH,1,0.9983031,0.0016968846321105957
4975321.IV.SGRT..HH,0,0.0049478263,0.004947826266288757
4975321.IV.SSP9..EH,0,0.013780569,0.013780568726360798
4975321.MN.VLC..HH,0,0.002689644,0.002689643995836377
4975321.IV.ZCCA..HH,1,0.99509424,0.004905760288238525
4975791.IV.FNVD..HH,1,0.99780154,0.002198457717895508
4975791.IV.MTRZ..HH,1,0.9966502,0.003349781036376953
4975791.IV.SEI..HH,1,0.9975202,0.0024797916412353516
4976531.IV.FNVD..HH,1,0.99740463,0.002595365047454834
4976531.IV.SEI..HH,1,0.9982223,0.0017777085304260254
4976861.IV.FNVD..HH,1,0.9977669,0.0022330880165100098
4976861.IV.MTRZ..HH,1,0.99801195,0.001988053321838379
4976861.IV.SEI..HH,1,0.9980794,0.0019205808639526367
4977491.IV.FNVD..HH,1,0.99693626,0.0030637383460998535
4977491.IV.MTCR..EH,1,0.9971877,0.002812325954437256
4977491.IV.MTRZ..HH,1,0.9976587,0.0023412704467773438
4977491.IV.SEI..HH,1,0.99865645,0.00134354829788208
4977591.IV.FNVD..HH,1,0.99801,0.001990020275115967
4977591.IV.MTCR..EH,1,0.99463415,0.005365848541259766
4977591.IV.MTRZ..HH,1,0.997939,0.002061009407043457
4977591.IV.SEI..HH,1,0.99841076,0.0015892386436462402
4977621.IV.FNVD..HH,1,0.9990557,0.0009443163871765137
4977621.IV.MTRZ..HH,1,0.9982258,0.0017741918563842773
4977621.IV.SEI..HH,1,0.99848324,0.0015167593955993652
4978611.IV.FNVD..HH,1,0.9979722,0.0020278096199035645
4978611.IV.MTRZ..HH,0,0.0046377173,0.004637717269361019
4978611.IV.SEI..HH,0,0.0037090322,0.0037090322002768517
4978611.IV.ZCCA..HH,1,0.99337417,0.006625831127166748
4981421.IV.FNVD..HH,1,0.99896985,0.0010301470756530762
4981971.IV.BDI..HH,1,0.99799144,0.0020085573196411133
4981971.IV.ZCCA..HH,1,0.99827105,0.0017289519309997559
4987071.IV.BOB..HH,1,0.99780685,0.002193152904510498
4993011.GU.POPM..HH,1,0.99346536,0.0065346360206604
4995471.IV.BDI..HH,1,0.9976782,0.002321779727935791
4995471.IV.ERBM..EH,1,0.99649143,0.0035085678100585938
4995471.IV.FNVD..HH,0,0.0038406297,0.0038406297098845243
4995471.IV.MTCR..EH,1,0.9986852,0.0013148188591003418
4995471.IV.PII..HH,0,0.005763382,0.005763382185250521
4995471.GU.POPM..HH,1,0.99784416,0.0021558403968811035
4995471.IV.ZCCA..HH,1,0.99727964,0.002720355987548828
4997881.IV.FNVD..HH,0,0.00952585,0.009525850415229797
4997881.IV.MTCR..EH,1,0.99851155,0.0014884471893310547
4998111.IV.BDI..HH,0,0.053005286,0.05300528556108475
4998111.IV.CRMI..HH,0,0.0020461893,0.002046189270913601
4998111.IV.FNVD..HH,0,0.21783753,0.21783752739429474
4998111.IV.MTCR..EH,1,0.99751115,0.002488851547241211
4998731.IV.BDI..HH,1,0.9977735,0.0022264719009399414
4998731.IV.MTCR..EH,1,0.9984642,0.0015357732772827148
4998731.GU.POPM..HH,1,0.9966818,0.003318190574645996
4998731.IV.ZCCA..HH,1,0.99584377,0.004156231880187988
5000201.IV.LMD..HH,1,0.99602115,0.003978848457336426
5000201.IV.RUFI..EH,1,0.99847496,0.0015250444412231445
5000481.IV.FNVD..HH,0,0.013463278,0.0134632783010602
5000481.IV.MTCR..EH,1,0.99664843,0.003351569175720215
5000481.GU.POPM..HH,1,0.9954224,0.004577577114105225
5001481.IV.FNVD..HH,0,0.033794053,0.03379405289888382
5001481.IV.MTCR..EH,1,0.99195284,0.008047163486480713
5001591.IV.FNVD..HH,0,0.03678363,0.03678362816572189
5001591.IV.MTCR..EH,1,0.9968265,0.0031734704971313477
5001591.GU.POPM..HH,1,0.99837434,0.001625657081604004
5002431.IV.MTCR..EH,1,0.91710323,0.08289676904678345
5003381.IV.MTCR..EH,1,0.99809504,0.0019049644470214844
5003801.IV.FNVD..HH,0,0.026244784,0.026244783774018288
5003801.GU.POPM..HH,1,0.94832516,0.051674842834472656
5004411.IV.BDI..HH,1,0.99477136,0.005228638648986816
5004411.IV.MTCR..EH,1,0.9992064,0.0007935762405395508
5004411.IV.PII..HH,1,0.98449785,0.01550215482711792
5004411.GU.POPM..HH,1,0.9981324,0.0018675923347473145
5004411.IV.ZCCA..HH,1,0.9966834,0.0033165812492370605
5008331.IV.BDI..HH,1,0.99771726,0.00228273868560791
5008331.IV.MTRZ..HH,1,0.9948285,0.005171477794647217
5009881.IV.BDI..HH,1,0.99714357,0.002856433391571045
5009881.IV.ZCCA..HH,1,0.99825466,0.0017453432083129883
5010831.IV.OSSC..HH,0,0.002502261,0.0025022609625011683
5010951.IV.BDI..HH,1,0.9988916,0.001108407974243164
5010951.IV.FNVD..HH,0,0.0026208702,0.0026208702474832535
5010951.IV.MTCR..EH,1,0.9981894,0.001810610294342041
5010951.IV.MTRZ..HH,1,0.9970674,0.002932608127593994
5010951.IV.PII..HH,1,0.99662495,0.0033750534057617188
5010951.MN.VLC..HH,0,0.006963331,0.006963330786675215
5010951.IV.ZCCA..HH,1,0.9969564,0.0030435919761657715
5011001.GU.POPM..HH,1,0.9919149,0.008085072040557861
5011991.IV.PII..HH,0,0.0053594415,0.0053594415076076984
5011991.GU.POPM..HH,1,0.9947059,0.005294084548950195
5011991.IV.RUFI..EH,1,0.9970638,0.0029361844062805176
5011991.IV.ZCCA..HH,1,0.99358284,0.0064171552658081055
5012181.IV.MTCR..EH,1,0.99863863,0.0013613700866699219
5012181.GU.POPM..HH,1,0.99719334,0.0028066635131835938
5012941.GU.POPM..HH,1,0.9966442,0.0033558011054992676
5013931.IV.FNVD..HH,0,0.0024386111,0.0024386111181229353
5013931.GU.POPM..HH,1,0.9982097,0.0017902851104736328
5013931.IV.ZCCA..HH,1,0.99737203,0.0026279687881469727
5015371.IV.ERBM..EH,1,0.9823947,0.017605304718017578
5015371.IV.FNVD..HH,0,0.0017756629,0.0017756628803908825
5015371.IV.ZCCA..HH,1,0.9972543,0.002745687961578369
5015821.IV.BDI..HH,1,0.9932639,0.006736099720001221
5015821.IV.FNVD..HH,0,0.002200825,0.0022008249070495367
5015821.IV.PII..HH,0,0.005015074,0.00501507380977273
5015821.GU.POPM..HH,1,0.9969372,0.0030627846717834473
5015821.IV.ZCCA..HH,1,0.99850214,0.0014978647232055664
5015911.IV.BDI..HH,1,0.99845195,0.0015480518341064453
5015911.IV.ERBM..EH,0,0.015705604,0.01570560410618782
5015911.IV.FNVD..HH,0,0.002959671,0.002959670964628458
5015911.IV.MTCR..EH,1,0.9967693,0.0032306909561157227
5015911.GU.POPM..HH,1,0.9972718,0.0027282238006591797
5015911.IV.ZCCA..HH,1,0.99525774,0.004742264747619629
5016301.IV.BDI..HH,0,0.0061881556,0.006188155617564917
5016301.IV.BRIS..HH,0,0.1497896,0.14978960156440735
5016301.IV.FNVD..HH,1,0.9990305,0.0009695291519165039
5016301.IV.MTRZ..HH,1,0.9956075,0.004392504692077637
5016301.IV.RUFI..EH,0,0.06398455,0.06398455053567886
5016301.IV.SFI..EH,1,0.9951598,0.004840195178985596
5017431.IV.BDI..HH,1,0.9982392,0.0017607808113098145
5017431.IV.MTCR..EH,0,0.0027914844,0.0027914843522012234
5017431.GU.POPM..HH,1,0.99804753,0.0019524693489074707
5017431.IV.ZCCA..HH,1,0.9985015,0.0014985203742980957
5018561.IV.BDI..HH,1,0.9981046,0.0018954277038574219
5018561.GU.MAIM..HH,0,0.005713287,0.005713286809623241
5018561.IV.MTCR..EH,0,0.002636715,0.0026367150712758303
5018561.IV.ZCCA..HH,1,0.9988029,0.0011970996856689453
5019381.IV.BDI..HH,1,0.9984609,0.0015391111373901367
5019381.IV.ERBM..EH,1,0.9189494,0.0810505747795105
5019381.IV.FNVD..HH,0,0.0013450979,0.0013450979022309184
5019381.GU.MAIM..HH,1,0.96302086,0.03697913885116577
5019381.IV.MTCR..EH,0,0.03937901,0.03937901183962822
5019381.GU.POPM..HH,1,0.9973341,0.002665877342224121
5019381.MN.VLC..HH,1,0.9783565,0.021643519401550293
5019381.IV.ZCCA..HH,1,0.9979808,0.002019226551055908
5019921.IV.BDI..HH,1,0.9984596,0.0015404224395751953
5019921.GU.CARD..HH,1,0.99523455,0.004765450954437256
5019921.IV.FNVD..HH,0,0.0027237493,0.0027237492613494396
5019921.GU.MAIM..HH,1,0.9928952,0.007104814052581787
5019921.GU.POPM..HH,1,0.9981315,0.0018684864044189453
5019921.MN.VLC..HH,0,0.0014604973,0.0014604972675442696
5019921.IV.ZCCA..HH,1,0.99778265,0.0022173523902893066
5020611.IV.BDI..HH,1,0.99889225,0.0011077523231506348
5020611.IV.ERBM..EH,0,0.005056859,0.005056858994066715
5020611.IV.FNVD..HH,0,0.0016249471,0.0016249470645561814
5020611.IV.MTRZ..HH,0,0.037163675,0.03716367483139038
5020611.IV.PII..HH,1,0.99798834,0.0020116567611694336
5020611.GU.POPM..HH,1,0.9948858,0.005114197731018066
5020611.IV.ZCCA..HH,1,0.997273,0.0027269721031188965
5020911.IV.BDI..HH,1,0.9985281,0.001471877098083496
5020911.GU.CARD..HH,0,0.053050015,0.05305001512169838
5020911.IV.ERBM..EH,0,0.002287823,0.0022878230083733797
5020911.IV.FNVD..HH,0,0.0068526147,0.006852614693343639
5020911.GU.MAIM..HH,1,0.99737275,0.002627253532409668
5020911.IV.MTCR..EH,0,0.0038376441,0.0038376441225409508
5020911.IV.PII..HH,0,0.15305233,0.15305233001708984
5020911.GU.POPM..HH,1,0.9967992,0.003200829029083252
5020911.MN.VLC..HH,0,0.36946017,0.36946016550064087
5020911.IV.ZCCA..HH,1,0.9981943,0.001805722713470459
5021791.IV.BDI..HH,1,0.9970627,0.00293731689453125
5021791.GU.CARD..HH,0,0.021358315,0.021358314901590347
5021791.IV.ERBM..EH,0,0.004358707,0.004358706995844841
5021791.IV.FNVD..HH,0,0.0015346193,0.0015346192521974444
5021791.IV.MTRZ..HH,1,0.92054564,0.07945436239242554
5021791.IV.PII..HH,0,0.00534938,0.00534937996417284
5021791.IV.RUFI..EH,1,0.9944612,0.005538821220397949
5021791.IV.ZCCA..HH,1,0.9982435,0.0017564892768859863
5025501.IV.FNVD..HH,0,0.0048552994,0.0048552993685007095
5027521.IV.OSSC..HH,1,0.9960117,0.003988325595855713
5027521.IV.TRIF..HH,1,0.998128,0.0018720030784606934
5032771.IV.BDI..HH,1,0.9976316,0.0023683905601501465
5032771.IV.MTCR..EH,1,0.99725884,0.0027411580085754395
5032771.GU.POPM..HH,1,0.9983707,0.0016292929649353027
5032771.IV.ZCCA..HH,1,0.9963113,0.0036886930465698242
5033041.IV.BDI..HH,1,0.99461067,0.0053893327713012695
5033041.IV.MTCR..EH,1,0.9970944,0.002905607223510742
5033041.GU.POPM..HH,1,0.99286896,0.007131040096282959
5033041.IV.ZCCA..HH,1,0.99725574,0.0027442574501037598
5034661.IV.ASQU..HH,0,0.02965096,0.029650960117578506
5034661.IV.BDI..HH,1,0.99877495,0.0012250542640686035
5034661.GU.CARD..HH,1,0.97293454,0.0270654559135437
5034661.IV.ERBM..EH,0,0.010157814,0.010157814249396324
5034661.IV.FNVD..HH,0,0.009575803,0.009575802832841873
5034661.GU.MAIM..HH,1,0.99545723,0.0045427680015563965
5034661.IV.MTCR..EH,0,0.002587097,0.0025870969984680414
5034661.IV.PII..HH,0,0.0037160923,0.003716092323884368
5034661.GU.POPM..HH,1,0.99788713,0.002112865447998047
5034661.MN.VLC..HH,0,0.0028166722,0.0028166722040623426
5034661.IV.ZCCA..HH,1,0.9987083,0.0012916922569274902
5034921.IV.FNVD..HH,0,0.02083213,0.020832130685448647
5034921.GU.POPM..HH,1,0.99834996,0.0016500353813171387
5034921.IV.ZCCA..HH,1,0.99840605,0.001593947410583496
5042601.GU.GRAM..HH,1,0.99713725,0.0028627514839172363
5042601.IV.PLMA..HH,1,0.99541444,0.004585564136505127
5046381.IV.CSNT..HH,0,0.0036825743,0.0036825742572546005
5046381.GU.MAIM..HH,1,0.99633604,0.003663957118988037
5046491.IV.CSNT..HH,0,0.0033043202,0.003304320154711604
5046801.IV.FIR..HH,1,0.99699754,0.003002464771270752
5046961.IV.ASQU..HH,1,0.9746497,0.02535027265548706
5046961.IV.CAFI..HH,0,0.94543266,0.9454326629638672
5046961.IV.CRMI..HH,1,0.7938241,0.20617592334747314
5046961.IV.RUFI..EH,1,0.99642813,0.0035718679428100586
5046961.IV.SEI..HH,1,0.3151483,0.6848517060279846
5046961.IV.SFI..EH,1,0.030578768,0.9694212321192026
5046961.IV.TRIF..HH,1,0.9160933,0.08390671014785767
5051971.IV.BDI..HH,1,0.87478167,0.12521833181381226
5051971.IV.ZCCA..HH,1,0.9984804,0.001519620418548584
5052761.IV.MTCR..EH,1,0.9672012,0.032798826694488525
5052761.IV.ZCCA..HH,1,0.99716526,0.0028347373008728027
5055611.GU.CARD..HH,1,0.3641288,0.6358712017536163
5055611.IV.ERBM..EH,0,0.003195524,0.0031955239828675985
5055611.IV.FNVD..HH,0,0.0032406051,0.003240605117753148
5055611.GU.MAIM..HH,1,0.99466753,0.005332469940185547
5055611.IV.MTCR..EH,1,0.84406775,0.1559322476387024
5055611.IV.PII..HH,1,0.9884113,0.011588692665100098
5055611.IV.ZCCA..HH,1,0.9956568,0.004343211650848389
5058001.GU.EQUI..HH,1,0.98772883,0.01227116584777832
5058001.IV.ERBM..EH,0,0.006201865,0.006201865151524544
5058001.IV.FNVD..HH,0,0.010009421,0.010009421035647392
5058001.IV.MTCR..EH,1,0.98338455,0.016615450382232666
5058001.IV.PII..HH,0,0.054440517,0.054440516978502274
5058001.IV.RUFI..EH,1,0.72076696,0.27923303842544556
5058001.IV.SFI..EH,0,0.02047194,0.02047193981707096
5059451.IV.ASQU..HH,1,0.9919982,0.00800180435180664
5059451.IV.BRIS..HH,1,0.9925787,0.007421314716339111
5059451.IV.LMD..HH,1,0.98418725,0.01581275463104248
5059451.IV.MTRZ..HH,1,0.98653454,0.013465464115142822
5059451.IV.RUFI..EH,1,0.9955606,0.004439413547515869
5059451.IV.SFI..EH,0,0.041851696,0.041851695626974106
5063191.GU.POPM..HH,1,0.9884688,0.011531174182891846
5063191.IV.ZCCA..HH,1,0.9976288,0.00237119197845459
5063671.IV.ERBM..EH,0,0.0048522158,0.004852215759456158
5063671.IV.FNVD..HH,0,0.005295848,0.00529584800824523
5063671.GU.GRAM..HH,1,0.9931828,0.006817221641540527
5063671.IV.MTCR..EH,1,0.9818911,0.018108904361724854
5063671.GU.POPM..HH,1,0.99617237,0.0038276314735412598
5063671.IV.ZCCA..HH,1,0.99884945,0.0011505484580993652
5063981.IV.MTCR..EH,1,0.9982304,0.0017696022987365723
5063981.GU.POPM..HH,1,0.9971306,0.00286942720413208
5063981.IV.ZCCA..HH,1,0.9956449,0.004355072975158691
5066991.GU.MAIM..HH,1,0.9956921,0.004307925701141357
5068661.IV.BOB..HH,1,0.9985172,0.0014827847480773926
5068661.GU.GORR..HH,1,0.99828696,0.0017130374908447266
5068661.GU.GRAM..HH,1,0.99710524,0.002894759178161621
5068661.IV.MSSA..HH,0,0.0033599508,0.0033599508460611105
5068661.IV.PLMA..HH,0,0.0052485866,0.005248586647212505
5080051.IV.RAVA..EH,0,0.0035053038,0.00350530375726521
5080051.IV.ROVR..HH,0,0.0019170603,0.0019170603482052684
5080051.IV.TEOL..HH,0,0.0022343625,0.002234362531453371
5080051.IV.ZCCA..HH,1,0.9982174,0.0017825961112976074
5080141.IV.RAVA..EH,0,0.003931406,0.003931405954062939
5087311.IV.ERBM..EH,1,0.9890993,0.010900676250457764
5087311.IV.PII..HH,1,0.99426115,0.00573885440826416
5087311.IV.ZCCA..HH,1,0.9966781,0.0033218860626220703
5087451.IV.BRIS..HH,1,0.997276,0.002723991870880127
5094731.IV.ZCCA..HH,1,0.9976356,0.0023643970489501953
5096451.IV.BDI..HH,1,0.9981457,0.0018543004989624023
5096451.GU.CARD..HH,1,0.9968029,0.0031970739364624023
5096451.IV.ERBM..EH,0,0.004034405,0.00403440510854125
5096451.IV.FNVD..HH,0,0.0025549012,0.0025549011770635843
5096451.GU.POPM..HH,1,0.9979113,0.0020887255668640137
5096451.IV.ZCCA..HH,1,0.9984173,0.0015826821327209473
5098181.GU.GRAM..HH,1,0.98773384,0.012266159057617188
5098751.IV.ASQU..HH,1,0.9970232,0.0029767751693725586
5098751.IV.BDI..HH,1,0.9984753,0.0015246868133544922
5098751.IV.ERBM..EH,0,0.014111337,0.014111337251961231
5098751.IV.FNVD..HH,0,0.002534941,0.0025349410716444254
5098751.GU.GRAM..HH,1,0.9951201,0.004879891872406006
5098751.IV.MTCR..EH,1,0.56560224,0.43439775705337524
5098751.IV.PII..HH,0,0.002858685,0.0028586850967258215
5098751.GU.POPM..HH,1,0.99438673,0.005613267421722412
5098751.MN.VLC..HH,0,0.11931388,0.11931388080120087
5098751.IV.ZCCA..HH,1,0.99875474,0.001245260238647461
5099531.GU.POPM..HH,1,0.9850373,0.01496267318725586
5103581.IV.BDI..HH,1,0.9970885,0.002911508083343506
5103581.IV.MTCR..EH,1,0.99670285,0.003297150135040283
5103581.GU.POPM..HH,1,0.99724084,0.0027591586112976074
5103581.MN.VLC..HH,1,0.9545643,0.04543572664260864
5103581.IV.ZCCA..HH,1,0.99902815,0.0009718537330627441
5106741.IV.ERBM..EH,0,0.0024467898,0.0024467897601425648
5106741.GU.GRAM..HH,0,0.0018662021,0.0018662021029740572
5106741.IV.MSSA..HH,1,0.99826294,0.001737058162689209
5106741.MN.VLC..HH,1,0.99681675,0.0031832456588745117
5113961.IV.CRMI..HH,1,0.9919786,0.008021414279937744
5113961.IV.CSNT..HH,0,0.004338358,0.00433835806325078
5113961.IV.OSSC..HH,0,0.006665514,0.006665513850748539
5113961.IV.PII..HH,1,0.40907663,0.5909233689308167
5113961.IV.RUFI..EH,1,0.99836653,0.00163346529006958
5118841.IV.BDI..HH,0,0.97922343,0.9792234301567078
5118841.IV.FNVD..HH,0,0.0020716065,0.0020716064609587193
5128111.IV.ASQU..HH,1,0.24389154,0.7561084628105164
5128111.IV.ATVO..HH,1,0.996434,0.0035660266876220703
5128111.IV.BDI..HH,1,0.9974788,0.002521216869354248
5128111.IV.CPGN..EH,1,0.9949509,0.00504910945892334
5128111.GU.MAIM..HH,1,0.9642302,0.03576982021331787
5128111.IV.MTCR..EH,1,0.9958848,0.0041152238845825195
5128111.IV.PARC..HH,1,0.6109994,0.3890005946159363
5128111.IV.PII..HH,1,0.99420875,0.0057912468910217285
5128111.GU.POPM..HH,1,0.99324185,0.006758153438568115
5128111.IV.ZCCA..HH,1,0.9978132,0.0021867752075195312
5129041.IV.BDI..HH,1,0.9970647,0.0029352903366088867
5129041.IV.FNVD..HH,0,0.0019121763,0.0019121762597933412
5129041.IV.MTCR..EH,1,0.9981045,0.0018954873085021973
5129041.GU.POPM..HH,1,0.9946019,0.005398094654083252
5129041.MN.VLC..HH,0,0.021261444,0.021261444315314293
5129041.IV.ZCCA..HH,1,0.9967644,0.0032355785369873047
5129921.IV.BDI..HH,1,0.9976022,0.002397775650024414
5129921.GU.EQUI..HH,1,0.9924167,0.007583320140838623
5129921.IV.ERBM..EH,0,0.0045077186,0.0045077186077833176
5129921.IV.FNVD..HH,0,0.001308564,0.0013085639802739024
5129921.GU.GRAM..HH,1,0.9924644,0.007535576820373535
5129921.GU.MAIM..HH,1,0.9916391,0.00836092233657837
5129921.IV.MTRZ..HH,1,0.9970323,0.0029677152633666992
5129921.IV.PII..HH,0,0.18707292,0.18707291781902313
5129921.GU.POPM..HH,1,0.99721944,0.0027805566787719727
5129921.IV.RUFI..EH,1,0.92826146,0.07173854112625122
5129921.MN.VLC..HH,0,0.007662046,0.007662045769393444
5129921.IV.ZCCA..HH,1,0.9985727,0.001427292823791504
5130001.IV.BDI..HH,1,0.9968299,0.0031700730323791504
5130001.IV.FNVD..HH,0,0.0025895392,0.002589539159089327
5130001.GU.GRAM..HH,1,0.99511224,0.004887759685516357
5130001.IV.MTCR..EH,1,0.9976985,0.002301514148712158
5130001.IV.PII..HH,0,0.0058935713,0.005893571302294731
5130001.GU.POPM..HH,1,0.9967823,0.0032176971435546875
5130001.MN.VLC..HH,0,0.0034050178,0.003405017778277397
5130871.IV.BDI..HH,1,0.97396034,0.02603965997695923
5130871.IV.FNVD..HH,0,0.028491482,0.028491482138633728
5130871.IV.MTCR..EH,1,0.99632436,0.0036756396293640137
5130871.GU.POPM..HH,1,0.99652624,0.0034737586975097656
5130871.IV.ZCCA..HH,1,0.99867195,0.0013280510902404785
5139441.SI.LUSI..HH,0,0.004430502,0.004430502187460661
5139441.IV.MABI..HH,0,0.004740935,0.004740934818983078
5139981.GU.GRAM..HH,0,0.010852681,0.010852680541574955
5142421.IV.MTCR..EH,1,0.9975746,0.00242537260055542
5142801.IV.BDI..HH,1,0.9984621,0.001537919044494629
5142801.IV.ERBM..EH,1,0.99467635,0.005323648452758789
5142801.GU.MAIM..HH,1,0.9974526,0.0025473833084106445
5142801.IV.MTCR..EH,1,0.99608886,0.003911137580871582
5142801.IV.PII..HH,0,0.0021703835,0.0021703834645450115
5142801.MN.VLC..HH,0,0.0033482127,0.0033482126891613007
5150901.IV.ASQU..HH,1,0.9988103,0.0011897087097167969
5150901.IV.CRE..HH,1,0.9982038,0.0017961859703063965
5150901.IV.CRMI..HH,1,0.99735147,0.0026485323905944824
5150901.IV.FNVD..HH,0,0.004889731,0.004889730829745531
5150901.IV.FROS..HH,1,0.9963207,0.0036792755126953125
5150901.IV.LMD..HH,1,0.9989829,0.0010170936584472656
5150901.IV.RUFI..EH,1,0.99828625,0.0017137527465820312
5150901.IV.SFI..EH,1,0.99761343,0.0023865699768066406
5152771.IV.ASQU..HH,0,0.010029395,0.01002939511090517
5152771.IV.CRMI..HH,1,0.99733245,0.002667546272277832
5152771.IV.CSNT..HH,0,0.019834055,0.01983405463397503
5152771.GU.MAIM..HH,0,0.0039692014,0.003969201352447271
5152771.IV.OSSC..HH,0,0.0014705873,0.0014705873327329755
5152771.IV.PII..HH,0,0.009581072,0.009581072255969048
5152771.IV.PLMA..HH,0,0.0033453447,0.0033453446812927723
5152771.GU.POPM..HH,0,0.020953087,0.020953087136149406
5152771.IV.RUFI..EH,1,0.9987968,0.0012031793594360352
5153341.IV.BDI..HH,1,0.99225926,0.00774073600769043
5153341.IV.FNVD..HH,0,0.0011969804,0.0011969803599640727
5153341.IV.MTCR..EH,1,0.99554497,0.0044550299644470215
5153341.GU.POPM..HH,1,0.9970521,0.0029479265213012695
5153341.IV.ZCCA..HH,1,0.9984183,0.001581728458404541
5154331.GU.POPM..HH,1,0.9973954,0.0026046037673950195
5154331.IV.ZCCA..HH,1,0.9977948,0.002205193042755127
5167581.IV.BDI..HH,1,0.997184,0.00281602144241333
5167581.IV.FNVD..HH,0,0.001869511,0.0018695109756663442
5167581.IV.RUFI..EH,1,0.9973629,0.0026370882987976074
5167581.MN.VLC..HH,0,0.0029353846,0.0029353846330195665
5167581.IV.ZCCA..HH,1,0.9977756,0.0022243857383728027
5180911.IV.ASQU..HH,1,0.99775404,0.002245962619781494
5180911.IV.BRIS..HH,1,0.99740505,0.0025949478149414062
5180911.IV.SFI..EH,1,0.99802923,0.0019707679748535156
5183581.GU.POPM..HH,1,0.99585634,0.004143655300140381
5193511.IV.OSSC..HH,0,0.035276636,0.035276636481285095
5207311.GU.EQUI..HH,1,0.9969278,0.003072202205657959
5211111.GU.GRAM..HH,0,0.0036163947,0.0036163947079330683
5211111.MN.VLC..HH,1,0.9950741,0.004925906658172607
5229451.IV.CRMI..HH,1,0.9979128,0.0020871758460998535
5229451.IV.FNVD..HH,1,0.9954793,0.004520714282989502
5229451.IV.MTCR..EH,0,0.0041839182,0.004183918237686157
5229451.IV.SEI..HH,1,0.99882424,0.0011757612228393555
5229891.IV.MTCR..EH,1,0.98874205,0.011257946491241455
5229891.IV.ZCCA..HH,1,0.9940696,0.005930423736572266
5234911.IV.RUFI..EH,0,0.03779265,0.03779264912009239
5258001.IV.ZCCA..HH,1,0.99735236,0.0026476383209228516
5258181.IV.MTCR..EH,0,0.0025057923,0.0025057923048734665
5258181.GU.POPM..HH,1,0.99855405,0.0014459490776062012
5258321.IV.BDI..HH,1,0.9987067,0.0012933015823364258
5258321.GU.CARD..HH,1,0.9963572,0.0036427974700927734
5258321.IV.ERBM..EH,0,0.0036562853,0.003656285349279642
5258321.IV.MTCR..EH,0,0.0026018054,0.0026018053758889437
5258321.IV.MTRZ..HH,0,0.050917648,0.050917647778987885
5258321.GU.POPM..HH,1,0.9985061,0.0014938712120056152
5259471.MN.VLC..HH,1,0.9890079,0.010992109775543213
5259471.IV.ZCCA..HH,1,0.997443,0.0025569796562194824
5262171.GU.MAIM..HH,0,0.015526182,0.015526182018220425
5262351.IV.BRIS..HH,1,0.9939529,0.0060471296310424805
5262351.IV.CAFI..HH,1,0.5769881,0.4230118989944458
5262351.GU.CARD..HH,1,0.995901,0.004099011421203613
5262351.IV.CRMI..HH,1,0.9845209,0.015479087829589844
5262351.IV.CSNT..HH,0,0.0150673,0.015067299827933311
5262351.GU.EQUI..HH,1,0.9085894,0.0914105772972107
5262351.IV.ERBM..EH,0,0.15692072,0.15692071616649628
5262351.IV.FNVD..HH,0,0.002573387,0.002573386998847127
5262351.GU.GRAM..HH,1,0.99798536,0.002014636993408203
5262351.GU.MAIM..HH,1,0.9963886,0.0036113858222961426
5262351.IV.MSSA..HH,1,0.99364215,0.006357848644256592
5262351.IV.MTRZ..HH,0,0.0026835622,0.0026835622265934944
5262351.IV.PARC..HH,1,0.9974606,0.002539396286010742
5262351.IV.PII..HH,1,0.9973417,0.0026583075523376465
5262351.IV.PLMA..HH,0,0.05931619,0.05931619182229042
5262351.IV.RUFI..EH,0,0.30056438,0.30056437849998474
5262351.IV.SFI..EH,0,0.011997206,0.011997206136584282
5262351.MN.VLC..HH,1,0.9966944,0.0033056139945983887
5263331.IV.MTCR..EH,1,0.9946814,0.005318582057952881
5263331.GU.POPM..HH,1,0.9982798,0.0017201900482177734
5263331.IV.ZCCA..HH,1,0.99747807,0.0025219321250915527
5263581.IV.BDI..HH,1,0.99593467,0.004065334796905518
5263581.MN.VLC..HH,1,0.9932031,0.006796896457672119
5263931.IV.ASQU..HH,1,0.98539716,0.014602839946746826
5263931.IV.ERBM..EH,0,0.0065925317,0.006592531688511372
5263931.IV.FNVD..HH,0,0.002852327,0.0028523269575089216
5263931.GU.GRAM..HH,0,0.2202246,0.22022460401058197
5263931.GU.MAIM..HH,1,0.9964628,0.0035371780395507812
5263931.IV.MTCR..EH,1,0.99854684,0.0014531612396240234
5263931.IV.OSSC..HH,1,0.9933042,0.006695806980133057
5263931.IV.PII..HH,1,0.9962412,0.0037587881088256836
5263931.GU.POPM..HH,1,0.9977467,0.002253293991088867
5263931.MN.VLC..HH,0,0.004022321,0.004022321198135614
5263931.IV.ZCCA..HH,1,0.99905527,0.0009447336196899414
5264221.IV.BDI..HH,1,0.997681,0.0023189783096313477
5264221.IV.ERBM..EH,1,0.98558587,0.01441413164138794
5264221.IV.FNVD..HH,0,0.16386667,0.16386666893959045
5264221.IV.MTCR..EH,1,0.9963692,0.00363081693649292
5264221.IV.PII..HH,0,0.0019834286,0.001983428606763482
5264221.GU.POPM..HH,1,0.9979206,0.0020794272422790527
5264221.IV.RUFI..EH,1,0.9896361,0.010363876819610596
5264221.MN.VLC..HH,0,0.0049852,0.004985199775546789
5264221.IV.ZCCA..HH,1,0.99845093,0.001549065113067627
5264461.IV.ASQU..HH,1,0.41389453,0.586105465888977
5264461.IV.BDI..HH,1,0.9919115,0.008088529109954834
5264461.IV.CSNT..HH,1,0.9843949,0.01560509204864502
5264461.IV.ERBM..EH,1,0.9911499,0.00885009765625
5264461.IV.FNVD..HH,0,0.06097544,0.060975439846515656
5264461.IV.MTCR..EH,0,0.15825954,0.1582595407962799
5264461.IV.PII..HH,1,0.87290317,0.12709683179855347
5264461.GU.POPM..HH,0,0.1674316,0.16743159294128418
5264461.MN.VLC..HH,1,0.9912025,0.008797526359558105
5264461.IV.ZCCA..HH,1,0.9974249,0.002575099468231201
5264681.IV.MTCR..EH,1,0.996957,0.0030429959297180176
5264681.IV.ZCCA..HH,1,0.9985958,0.0014042258262634277
5266191.IV.ASQU..HH,0,0.005940326,0.005940326023846865
5266191.IV.ATPI..EH,1,0.9971621,0.0028378963470458984
5266191.IV.BDI..HH,1,0.9985212,0.0014787912368774414
5266191.IV.CRE..HH,1,0.99716944,0.0028305649757385254
5266191.IV.ERBM..EH,0,0.0029801286,0.0029801286291331053
5266191.IV.FNVD..HH,0,0.001270628,0.0012706279521808028
5266191.GU.MAIM..HH,1,0.99594706,0.004052937030792236
5266191.IV.PII..HH,1,0.9893754,0.010624587535858154
5266191.GU.POPM..HH,1,0.9961966,0.0038033723831176758
5266191.IV.SEI..HH,1,0.9867737,0.01322627067565918
5266191.MN.VLC..HH,0,0.0041253003,0.004125300329178572
5266191.IV.ZCCA..HH,1,0.99904025,0.0009597539901733398
5266581.IV.BDI..HH,0,0.033833217,0.03383321687579155
5266581.IV.FNVD..HH,0,0.0017600014,0.0017600014107301831
5266581.MN.VLC..HH,0,0.0037999284,0.0037999283522367477
5266871.IV.ZCCA..HH,1,0.998622,0.0013779997825622559
5267951.IV.BDI..HH,1,0.99769115,0.0023088455200195312
5267951.IV.FNVD..HH,0,0.0051221005,0.005122100468724966
5267951.IV.MTCR..EH,1,0.99875766,0.0012423396110534668
5267951.IV.RUFI..EH,1,0.99632376,0.0036762356758117676
5267951.MN.VLC..HH,0,0.005244787,0.005244786851108074
5267951.IV.ZCCA..HH,1,0.9979654,0.002034604549407959
5269511.IV.ZCCA..HH,1,0.99597037,0.004029631614685059
5270631.IV.BDI..HH,1,0.994444,0.005555987358093262
5270631.IV.BRIS..HH,1,0.99291176,0.0070882439613342285
5270631.GU.CARD..HH,0,0.010334813,0.01033481303602457
5270631.IV.ERBM..EH,0,0.044807967,0.04480796679854393
5270631.IV.FNVD..HH,0,0.0024711476,0.002471147570759058
5270631.GU.MAIM..HH,1,0.99413186,0.005868136882781982
5270631.IV.MTRZ..HH,0,0.023749053,0.023749053478240967
5270631.IV.SEI..HH,1,0.9952508,0.004749178886413574
5270631.MN.VLC..HH,0,0.0029990473,0.0029990472830832005
5270631.IV.ZCCA..HH,1,0.9938253,0.006174683570861816
5270971.IV.ASQU..HH,0,0.02453949,0.024539489299058914
5270971.IV.BDI..HH,1,0.99886554,0.0011344552040100098
5270971.GU.CARD..HH,1,0.99786,0.0021399855613708496
5270971.IV.CRE..HH,1,0.9945291,0.005470871925354004
5270971.IV.ERBM..EH,0,0.007963235,0.007963234558701515
5270971.IV.FNVD..HH,0,0.0024774855,0.00247748545370996
5270971.GU.MAIM..HH,1,0.99664736,0.003352642059326172
5270971.IV.PII..HH,0,0.026907105,0.02690710499882698
5270971.GU.POPM..HH,1,0.99476796,0.005232036113739014
5270971.IV.SFI..EH,0,0.018031316,0.018031315878033638
5270971.MN.VLC..HH,0,0.0012371831,0.0012371831107884645
5270971.IV.ZCCA..HH,1,0.99886787,0.0011321306228637695
5271921.IV.ASQU..HH,0,0.0036236893,0.003623689291998744
5271921.IV.BDI..HH,1,0.99750495,0.0024950504302978516
5271921.GU.CARD..HH,1,0.9962337,0.003766298294067383
5271921.IV.CRE..HH,0,0.003517119,0.0035171189811080694
5271921.IV.FNVD..HH,0,0.0045296187,0.0045296186581254005
5271921.IV.MTCR..EH,1,0.9980998,0.0019001960754394531
5271921.IV.MTRZ..HH,1,0.9975917,0.002408325672149658
5271921.IV.PARC..HH,0,0.0060771536,0.006077153608202934
5271921.IV.PII..HH,1,0.9980121,0.0019878745079040527
5271921.GU.POPM..HH,1,0.98002315,0.01997685432434082
5271921.MN.VLC..HH,1,0.998068,0.0019320249557495117
5271921.IV.ZCCA..HH,1,0.9985844,0.0014156103134155273
5273401.IV.BDI..HH,1,0.99848026,0.0015197396278381348
5273401.IV.ERBM..EH,0,0.015273101,0.015273100696504116
5273401.IV.FNVD..HH,0,0.006465735,0.006465734913945198
5273401.IV.MTCR..EH,1,0.99874055,0.001259446144104004
5273401.IV.PII..HH,0,0.006113868,0.006113868206739426
5273401.GU.POPM..HH,1,0.9938996,0.00610041618347168
5273401.MN.VLC..HH,0,0.77614135,0.776141345500946
5273401.IV.ZCCA..HH,1,0.99840635,0.0015936493873596191
5273481.IV.BDI..HH,1,0.99859995,0.0014000535011291504
5273481.GU.EQUI..HH,1,0.9843821,0.015617907047271729
5273481.IV.ERBM..EH,1,0.53286725,0.4671327471733093
5273481.IV.FNVD..HH,1,0.997781,0.0022190213203430176
5273481.IV.MTCR..EH,0,0.0026217713,0.002621771302074194
5273481.IV.PII..HH,0,0.012354316,0.01235431618988514
5273481.GU.POPM..HH,1,0.9957775,0.004222512245178223
5273481.MN.VLC..HH,0,0.10740202,0.1074020192027092
5273481.IV.ZCCA..HH,1,0.9981692,0.0018308162689208984
5275611.IV.BDI..HH,1,0.9978908,0.002109229564666748
5275611.GU.CARD..HH,0,0.38536483,0.385364830493927
5275611.IV.ERBM..EH,1,0.95942706,0.040572941303253174
5275611.IV.MTCR..EH,1,0.9854784,0.014521598815917969
5275611.IV.PII..HH,1,0.9870087,0.01299130916595459
5275611.GU.POPM..HH,1,0.9942438,0.005756199359893799
5275611.IV.ZCCA..HH,1,0.99818295,0.0018170475959777832
5275951.GU.POPM..HH,1,0.9938603,0.006139695644378662
5278341.IV.BDI..HH,1,0.994739,0.0052610039710998535
5278341.GU.CARD..HH,0,0.010980732,0.010980731807649136
5281511.IV.SFI..EH,1,0.9958716,0.004128396511077881
5282401.IV.BDI..HH,1,0.9961036,0.0038964152336120605
5282401.IV.FNVD..HH,1,0.9919976,0.008002400398254395
5282401.IV.MTCR..EH,0,0.0020871328,0.0020871327724307775
5282401.IV.ZCCA..HH,1,0.99819434,0.0018056631088256836
5283091.IV.MTCR..EH,1,0.99259055,0.007409453392028809
5283091.GU.POPM..HH,1,0.9974491,0.0025508999824523926
5283091.MN.VLC..HH,0,0.016716605,0.01671660505235195
5283091.IV.ZCCA..HH,1,0.9982975,0.0017024874687194824
5285301.IV.MTCR..EH,1,0.9980519,0.0019481182098388672
5285301.GU.POPM..HH,1,0.99874306,0.0012569427490234375
5285301.MN.VLC..HH,1,0.99120164,0.008798360824584961
5285531.IV.MTCR..EH,1,0.9961732,0.0038267970085144043
5285531.GU.POPM..HH,1,0.993351,0.006649017333984375
5285531.IV.ZCCA..HH,1,0.99814624,0.0018537640571594238
5286031.IV.ASQU..HH,1,0.99613464,0.003865361213684082
5286031.IV.BDI..HH,1,0.9988134,0.0011866092681884766
5286031.GU.CARD..HH,0,0.018843645,0.018843645229935646
5286031.IV.CSNT..HH,0,0.008800375,0.008800375275313854
5286031.GU.EQUI..HH,0,0.081842,0.08184199780225754
5286031.GU.MAIM..HH,0,0.012927858,0.012927858158946037
5286031.IV.PII..HH,1,0.98338586,0.016614139080047607
5286031.IV.RUFI..EH,1,0.99206316,0.007936835289001465
5286031.IV.SFI..EH,1,0.981699,0.018301010131835938
5286031.MN.VLC..HH,0,0.01575907,0.015759069472551346
5287211.IV.MTCR..EH,1,0.9799814,0.020018577575683594
5287211.GU.POPM..HH,1,0.9968366,0.0031633973121643066
5287211.MN.VLC..HH,0,0.014891261,0.014891261234879494
5287211.IV.ZCCA..HH,1,0.9985583,0.0014417171478271484
5287361.IV.BDI..HH,1,0.9972475,0.0027524828910827637
5287361.GU.POPM..HH,1,0.9959849,0.004015088081359863
5287361.IV.ZCCA..HH,1,0.9963669,0.0036330819129943848
5290461.IV.BDI..HH,1,0.9971042,0.0028957724571228027
5290461.GU.POPM..HH,1,0.9985605,0.001439511775970459
5290461.IV.ZCCA..HH,1,0.9983434,0.0016565918922424316
5291861.IV.FNVD..HH,0,0.0018211157,0.0018211157293990254
5291861.GU.POPM..HH,1,0.9959929,0.004007101058959961
5291861.IV.ZCCA..HH,1,0.9988163,0.0011836886405944824
5292811.IV.BDI..HH,1,0.99836093,0.0016390681266784668
5292811.GU.POPM..HH,1,0.99848497,0.001515030860900879
5292811.IV.ZCCA..HH,1,0.9984332,0.0015668272972106934
5292961.IV.BDI..HH,1,0.9976716,0.0023283958435058594
5292961.IV.FNVD..HH,0,0.008228145,0.008228144608438015
5292961.GU.POPM..HH,1,0.99789524,0.0021047592163085938
5292961.IV.ZCCA..HH,1,0.9988478,0.0011522173881530762
5293051.IV.BDI..HH,1,0.99851644,0.0014835596084594727
5293051.IV.FNVD..HH,0,0.0011850331,0.0011850331211462617
5293051.IV.MTCR..EH,1,0.9970688,0.0029311776161193848
5293051.IV.ZCCA..HH,1,0.9984474,0.001552581787109375
5295611.IV.CSNT..HH,0,0.012071504,0.012071504257619381
5295611.IV.OSSC..HH,0,0.0039989785,0.003998978529125452
5296241.IV.BDI..HH,1,0.99730486,0.002695143222808838
5296241.IV.MTCR..EH,1,0.99756825,0.0024317502975463867
5296241.GU.POPM..HH,1,0.995803,0.0041970014572143555
5296241.IV.ZCCA..HH,1,0.99761415,0.002385854721069336
5298491.IV.BDI..HH,1,0.996456,0.0035439729690551758
5298491.GU.POPM..HH,1,0.9980111,0.0019888877868652344
5298491.IV.ZCCA..HH,1,0.99832773,0.0016722679138183594
5299291.IV.BDI..HH,1,0.9985868,0.0014132261276245117
5299291.GU.CARD..HH,0,0.010979619,0.01097961887717247
5299291.IV.ERBM..EH,0,0.01100406,0.011004059575498104
5299291.IV.MTCR..EH,1,0.9985497,0.0014503002166748047
5299291.IV.ZCCA..HH,1,0.996871,0.0031290054321289062
5300181.IV.MTCR..EH,1,0.9966303,0.0033696889877319336
5300181.IV.ZCCA..HH,1,0.99704117,0.002958834171295166
5301141.IV.MTCR..EH,1,0.9978968,0.0021032094955444336
5301141.IV.ZCCA..HH,1,0.9988738,0.0011262297630310059
5306441.IV.BDI..HH,1,0.0359895,0.9640104994177818
5306441.IV.FNVD..HH,1,0.0015460545,0.9984539455035701
5306441.IV.ZCCA..HH,1,0.9823119,0.017688095569610596
5308721.IV.FNVD..HH,0,0.0016885238,0.001688523800112307
5308721.IV.MTCR..EH,1,0.9979381,0.002061903476715088
5308721.GU.POPM..HH,1,0.998623,0.0013769865036010742
5308721.IV.ZCCA..HH,1,0.9986939,0.0013061165809631348
5310111.IV.ZCCA..HH,1,0.9985028,0.0014972090721130371
5312231.IV.BDI..HH,0,0.4533532,0.4533531963825226
5312231.GU.CARD..HH,0,0.8376913,0.8376913070678711
5312231.IV.CRMI..HH,1,0.9445235,0.055476486682891846
5312231.IV.ERBM..EH,0,0.0055531706,0.005553170572966337
5312231.IV.FNVD..HH,0,0.07722489,0.07722488790750504
5312231.GU.GRAM..HH,1,0.99370396,0.006296038627624512
5312231.IV.MTCR..EH,1,0.995456,0.00454401969909668
5312231.IV.PII..HH,0,0.012379942,0.012379942461848259
5312231.GU.POPM..HH,1,0.9977264,0.0022736191749572754
5312231.IV.RUFI..EH,1,0.98693514,0.013064861297607422
5312231.MN.VLC..HH,0,0.0070107593,0.007010759320110083
5312231.IV.ZCCA..HH,1,0.99805224,0.0019477605819702148
5316841.IV.BDI..HH,1,0.9945272,0.005472779273986816
5316841.IV.MTCR..EH,1,0.99908483,0.0009151697158813477
5316841.GU.POPM..HH,1,0.99575114,0.004248857498168945
5316841.IV.ZCCA..HH,1,0.9969865,0.0030134916305541992
5324611.IV.ASQU..HH,1,0.9923704,0.007629573345184326
5324611.IV.BDI..HH,1,0.99061096,0.009389042854309082
5324611.IV.FNVD..HH,0,0.0029069649,0.002906964858993888
5324611.GU.POPM..HH,1,0.9879775,0.01202249526977539
5324611.IV.ZCCA..HH,1,0.9963052,0.003694772720336914
5328721.IV.NOVE..EH,0,0.934068,0.9340680241584778
5330141.IV.MTCR..EH,1,0.99846363,0.0015363693237304688
5330141.GU.POPM..HH,1,0.99868876,0.0013112425804138184
5330141.IV.ZCCA..HH,1,0.997752,0.0022479891777038574
5335141.IV.FNVD..HH,0,0.0026749973,0.002674997318536043
5335141.IV.PII..HH,1,0.99754643,0.0024535655975341797
5335141.GU.POPM..HH,1,0.9977071,0.0022928714752197266
5335141.IV.ZCCA..HH,1,0.9984476,0.0015524029731750488
5336481.IV.BDI..HH,1,0.9935841,0.006415903568267822
5336481.IV.MTCR..EH,0,0.0027381044,0.002738104434683919
5336481.GU.POPM..HH,1,0.9941505,0.005849480628967285
5336481.IV.ZCCA..HH,1,0.9969843,0.0030156970024108887
5336991.IV.BDI..HH,1,0.99628794,0.0037120580673217773
5336991.IV.FNVD..HH,0,0.0060084583,0.006008458323776722
5336991.GU.POPM..HH,1,0.9934008,0.0065991878509521484
5336991.IV.ZCCA..HH,1,0.99768794,0.0023120641708374023
5340461.IV.FNVD..HH,0,0.03114291,0.031142909079790115
5340461.IV.MTCR..EH,1,0.9857244,0.014275610446929932
5340461.GU.POPM..HH,1,0.99792874,0.0020712614059448242
5340461.IV.ZCCA..HH,1,0.9981707,0.0018293261528015137
5353241.IV.FIU..EH,1,0.99642533,0.003574669361114502
5353241.IV.NOVE..EH,0,0.001190406,0.0011904060374945402
5353241.IV.RAVA..EH,0,0.0020641615,0.002064161468297243
5353241.IV.ZCCA..HH,1,0.99665076,0.0033492445945739746
5356051.IV.BDI..HH,1,0.99774706,0.002252936363220215
5356051.GU.CARD..HH,1,0.98257923,0.01742076873779297
5356051.IV.FNVD..HH,0,0.0019491701,0.0019491701386868954
5356051.GU.GRAM..HH,1,0.99508375,0.004916250705718994
5356051.GU.MAIM..HH,1,0.9936289,0.0063710808753967285
5356051.IV.MTCR..EH,1,0.99607104,0.003928959369659424
5356051.GU.POPM..HH,1,0.9814909,0.018509089946746826
5356051.MN.VLC..HH,0,0.0014284023,0.0014284022618085146
5356051.IV.ZCCA..HH,1,0.99770385,0.002296149730682373
5357431.IV.CSNT..HH,1,0.9976965,0.002303481101989746
5357431.IV.FROS..HH,1,0.9933104,0.006689608097076416
5357431.IV.OSSC..HH,1,0.9985292,0.001470804214477539
5357431.IV.PII..HH,1,0.9925123,0.0074877142906188965
5357431.IV.TRIF..HH,1,0.9982604,0.0017396211624145508
5358641.IV.BOB..HH,1,0.9962212,0.003778815269470215
5367371.IV.BDI..HH,1,0.99811316,0.0018868446350097656
5367371.IV.MTCR..EH,1,0.99698776,0.003012239933013916
5367371.GU.POPM..HH,1,0.9956234,0.004376590251922607
5367371.IV.ZCCA..HH,1,0.99808747,0.001912534236907959
5373331.IV.RAVA..EH,0,0.0011250554,0.0011250553652644157
5384551.IV.BDI..HH,1,0.9988583,0.0011417269706726074
5384551.IV.FNVD..HH,0,0.010241102,0.010241102427244186
5384551.GU.POPM..HH,1,0.998127,0.001873016357421875
5386041.IV.MTCR..EH,1,0.99770075,0.0022992491722106934
5386481.IV.ASQU..HH,1,0.967094,0.03290599584579468
5386481.IV.BDI..HH,1,0.997493,0.0025069713592529297
5386481.IV.ERBM..EH,0,0.009095461,0.00909546110779047
5386481.IV.FNVD..HH,0,0.0035575395,0.0035575395449995995
5386481.IV.MTCR..EH,1,0.98314565,0.01685434579849243
5386481.IV.PII..HH,0,0.6711895,0.6711894869804382
5386481.GU.POPM..HH,1,0.9977973,0.0022026896476745605
5386481.IV.RUFI..EH,1,0.98119766,0.018802344799041748
5386481.IV.SFI..EH,1,0.982431,0.017569005489349365
5386481.IV.ZCCA..HH,1,0.99838275,0.0016172528266906738
5388101.IV.FNVD..HH,0,0.027099358,0.027099357917904854
5388101.IV.MTCR..EH,0,0.012394112,0.012394111603498459
5388101.GU.POPM..HH,1,0.9962113,0.0037887096405029297
5391741.GU.POPM..HH,1,0.99775076,0.0022492408752441406
5391741.IV.ZCCA..HH,1,0.9964873,0.0035126805305480957
5399231.IV.BDI..HH,1,0.9987037,0.0012962818145751953
5399231.IV.ERBM..EH,0,0.0033667244,0.003366724355146289
5399231.IV.FNVD..HH,0,0.0035226368,0.0035226368345320225
5399231.IV.MTCR..EH,0,0.004715795,0.004715795163065195
5399231.GU.POPM..HH,1,0.9982449,0.0017551183700561523
5399231.IV.ZCCA..HH,1,0.99747944,0.0025205612182617188
5399281.IV.ASQU..HH,1,0.98874766,0.011252343654632568
5399281.IV.FNVD..HH,0,0.0041473736,0.004147373605519533
5403041.IV.ERBM..EH,1,0.99716693,0.002833068370819092
5403041.GU.GRAM..HH,1,0.994835,0.005164980888366699
5403041.IV.MSSA..HH,1,0.991486,0.008513987064361572
5409431.IV.FNVD..HH,1,0.99604225,0.0039577484130859375
5416401.IV.BDI..HH,1,0.997479,0.0025209784507751465
5416401.IV.FNVD..HH,0,0.0019375705,0.0019375705160200596
5416401.IV.MTCR..EH,1,0.9982973,0.001702725887298584
5416401.IV.PII..HH,0,0.10873253,0.10873252898454666
5416401.GU.POPM..HH,1,0.99482393,0.005176067352294922
5416401.MN.VLC..HH,0,0.775443,0.7754430174827576
5416401.IV.ZCCA..HH,1,0.98075217,0.019247829914093018
5419451.GU.CARD..HH,1,0.99008304,0.009916961193084717
5419451.IV.ERBM..EH,0,0.0040422697,0.004042269662022591
5419451.IV.FNVD..HH,0,0.0021031457,0.0021031456999480724
5419451.GU.MAIM..HH,1,0.99188983,0.0081101655960083
5419451.IV.MTCR..EH,1,0.98737556,0.01262444257736206
5419451.MN.VLC..HH,0,0.66856104,0.6685610413551331
5419451.IV.ZCCA..HH,1,0.99890804,0.0010919570922851562
5440291.IV.ASQU..HH,0,0.005473997,0.005473996978253126
5440291.IV.BDI..HH,1,0.9988932,0.0011067986488342285
5440291.IV.CSNT..HH,1,0.9954397,0.004560291767120361
5440291.IV.FNVD..HH,0,0.0034475909,0.0034475908614695072
5440291.GU.MAIM..HH,1,0.9971324,0.002867579460144043
5440291.IV.MTCR..EH,1,0.99780214,0.002197861671447754
5440291.GU.POPM..HH,1,0.99179286,0.008207142353057861
5440291.MN.VLC..HH,1,0.9965934,0.0034065842628479004
5440291.IV.ZCCA..HH,1,0.998619,0.0013809800148010254
5447151.GU.GRAM..HH,1,0.98338425,0.016615748405456543
5447151.IV.MSSA..HH,1,0.99456334,0.00543665885925293
5447151.IV.PLMA..HH,1,0.9905018,0.009498178958892822
5462541.IV.MTCR..EH,1,0.99370277,0.0062972307205200195
5462541.IV.ZCCA..HH,1,0.9987379,0.0012621283531188965
5470031.IV.BDI..HH,1,0.9947901,0.005209922790527344
5470031.IV.ERBM..EH,1,0.99588925,0.004110753536224365
5470031.IV.FNVD..HH,0,0.0024456438,0.0024456437677145004
5470031.GU.GRAM..HH,1,0.9944244,0.005575597286224365
5470031.GU.MAIM..HH,1,0.9949522,0.005047798156738281
5470031.IV.PII..HH,0,0.007998631,0.007998631335794926
5470031.GU.POPM..HH,1,0.99531025,0.00468975305557251
5470031.IV.SFI..EH,1,0.9943798,0.005620181560516357
5470031.MN.VLC..HH,0,0.0064358218,0.0064358217641711235
5470031.IV.ZCCA..HH,1,0.9984239,0.0015761256217956543
5470631.IV.BDI..HH,0,0.065592624,0.06559262424707413
5470631.IV.ERBM..EH,0,0.005985786,0.005985786207020283
5470631.IV.FNVD..HH,0,0.0025584213,0.002558421343564987
5470631.IV.PII..HH,0,0.0046099024,0.004609902389347553
5470631.GU.POPM..HH,1,0.9732285,0.026771485805511475
5470631.MN.VLC..HH,1,0.98981273,0.010187268257141113
5470961.IV.ASQU..HH,1,0.9971155,0.002884507179260254
5470961.IV.BDI..HH,1,0.99789804,0.0021019577980041504
5470961.IV.ERBM..EH,0,0.009515918,0.009515917859971523
5470961.IV.FNVD..HH,0,0.0058252453,0.005825245287269354
5470961.GU.POPM..HH,1,0.99811274,0.0018872618675231934
5470961.IV.RUFI..EH,1,0.9961809,0.003819108009338379
5470961.IV.SEI..HH,0,0.011775829,0.011775828897953033
5470961.IV.SFI..EH,1,0.9906543,0.009345710277557373
5470961.MN.VLC..HH,0,0.0015311693,0.0015311692841351032
5470961.IV.ZCCA..HH,1,0.99816567,0.0018343329429626465
5472421.IV.BDI..HH,1,0.99703187,0.002968132495880127
5472421.IV.ERBM..EH,0,0.030145027,0.030145026743412018
5472421.IV.FNVD..HH,0,0.002015487,0.0020154870580881834
5472421.IV.MTCR..EH,1,0.9652585,0.03474152088165283
5472421.IV.PII..HH,0,0.0024732386,0.0024732386227697134
5472421.GU.POPM..HH,1,0.99535525,0.00464475154876709
5472781.IV.BDI..HH,1,0.9990206,0.0009794235229492188
5472781.IV.ERBM..EH,0,0.0041150698,0.004115069750696421
5472781.IV.FNVD..HH,0,0.0011734315,0.0011734315194189548
5472781.IV.MTCR..EH,1,0.99450856,0.005491435527801514
5472781.IV.PII..HH,0,0.0053075086,0.005307508632540703
5472781.GU.POPM..HH,1,0.99839455,0.0016054511070251465
5472781.MN.VLC..HH,0,0.007990641,0.007990640588104725
5472781.IV.ZCCA..HH,1,0.99892,0.0010799765586853027
5474991.GU.POPM..HH,0,0.013067445,0.013067444786429405
5484091.GU.CARD..HH,1,0.9173284,0.08267158269882202
5484091.IV.ERBM..EH,0,0.0070856814,0.007085681427270174
5484091.GU.GRAM..HH,0,0.113831274,0.11383127421140671
5484091.IV.MTCR..EH,0,0.03185306,0.03185306116938591
5484091.IV.PLMA..HH,1,0.8034817,0.19651830196380615
5484091.GU.POPM..HH,1,0.98784864,0.012151360511779785
5484091.MN.VLC..HH,0,0.013332002,0.013332001864910126
5485081.IV.CRMI..HH,1,0.9705501,0.029449880123138428
5485081.IV.FNVD..HH,1,0.9960637,0.003936290740966797
5485081.IV.MTCR..EH,0,0.003875518,0.003875517984852195
5485081.IV.MTRZ..HH,0,0.19705154,0.197051540017128
5485081.IV.PII..HH,0,0.08722223,0.08722223341464996
5485081.IV.RUFI..EH,1,0.9651468,0.034853219985961914
5485081.IV.SFI..EH,1,0.979496,0.020503997802734375
5502961.IV.ZCCA..HH,1,0.9986294,0.0013706088066101074
5517301.IV.BOB..HH,0,0.0032544027,0.0032544026616960764
5517301.GU.GORR..HH,1,0.9973624,0.002637624740600586
5530781.IV.BDI..HH,1,0.9987198,0.0012801885604858398
5530781.IV.ERBM..EH,0,0.014299122,0.0142991216853261
5530781.IV.FNVD..HH,0,0.0020950553,0.0020950553007423878
5530781.IV.MTCR..EH,1,0.99354494,0.006455063819885254
5530781.GU.POPM..HH,1,0.99747866,0.002521336078643799
5530781.IV.ZCCA..HH,1,0.99862057,0.0013794302940368652
5533181.GU.GRAM..HH,1,0.9987459,0.0012540817260742188
5533181.IV.MSSA..HH,0,0.003849751,0.0038497510831803083
5533181.IV.PLMA..HH,0,0.008821501,0.008821501396596432
5533181.MN.VLC..HH,1,0.99459386,0.00540614128112793
5536661.IV.CRMI..HH,1,0.99801,0.001990020275115967
5536661.IV.FNVD..HH,0,0.013821039,0.013821039348840714
5536661.GU.POPM..HH,1,0.9908029,0.009197115898132324
5541531.IV.CRMI..HH,1,0.9978997,0.0021002888679504395
5541531.IV.FNVD..HH,0,0.0026200735,0.00262007350102067
5541531.IV.MTCR..EH,1,0.991266,0.008733987808227539
5541531.IV.MTRZ..HH,1,0.9957707,0.004229307174682617
5541531.GU.POPM..HH,1,0.99851626,0.0014837384223937988
5541531.IV.ZCCA..HH,1,0.9970804,0.002919614315032959
5541591.IV.CRMI..HH,1,0.9987037,0.0012962818145751953
5541591.IV.FNVD..HH,0,0.0394941,0.0394941009581089
5541591.GU.MAIM..HH,1,0.9950203,0.004979729652404785
5541591.IV.ZCCA..HH,1,0.9975703,0.0024297237396240234
5542241.GU.POPM..HH,1,0.99839145,0.0016085505485534668
5542241.MN.VLC..HH,1,0.99093217,0.009067833423614502
5573251.IV.FNVD..HH,0,0.023352075,0.02335207536816597
5573251.IV.MTCR..EH,1,0.99678594,0.0032140612602233887
5573251.GU.POPM..HH,1,0.9906899,0.009310126304626465
5573251.IV.ZCCA..HH,1,0.9964297,0.0035703182220458984
5580761.IV.FROS..HH,0,0.02448663,0.02448662929236889
5580761.IV.TRIF..HH,0,0.05471251,0.05471251159906387
5585621.IV.BDI..HH,1,0.99578846,0.004211544990539551
5585621.IV.FNVD..HH,1,0.99364597,0.006354033946990967
5585621.GU.POPM..HH,1,0.9849482,0.015051782131195068
5610061.IV.BDI..HH,1,0.9983504,0.001649618148803711
5610061.GU.CARD..HH,1,0.9981312,0.0018687844276428223
5610061.IV.FNVD..HH,1,0.9979726,0.0020273923873901367
5610061.GU.POPM..HH,1,0.99816,0.0018399953842163086
5610061.MN.VLC..HH,1,0.99776083,0.0022391676902770996
5611101.IV.BDI..HH,1,0.9988671,0.0011329054832458496
5611101.IV.FNVD..HH,1,0.99816465,0.0018353462219238281
5611101.IV.MTCR..EH,1,0.99656683,0.0034331679344177246
5611101.GU.POPM..HH,1,0.9976766,0.0023233890533447266
5612891.GU.POPM..HH,1,0.99706876,0.00293123722076416
5642051.IV.ZCCA..HH,1,0.9982617,0.0017383098602294922
5648881.IV.BDI..HH,1,0.99881136,0.0011886358261108398
5648881.IV.PII..HH,0,0.007098848,0.0070988480001688
5651181.IV.BDI..HH,1,0.99773335,0.0022666454315185547
5651181.IV.FNVD..HH,0,0.018304901,0.01830490119755268
5651181.IV.MPPT..EH,1,0.98756826,0.012431740760803223
5651181.IV.PII..HH,1,0.7335638,0.26643621921539307
5651181.GU.POPM..HH,1,0.990857,0.00914299488067627
5651181.IV.ZCCA..HH,1,0.9938026,0.00619739294052124
5651991.IV.MTCR..EH,1,0.998308,0.0016919970512390137
5651991.GU.POPM..HH,1,0.9918459,0.008154094219207764
5651991.IV.ZCCA..HH,1,0.9976465,0.002353489398956299
5652021.IV.BDI..HH,1,0.9979833,0.002016723155975342
5652021.IV.FNVD..HH,0,0.066809416,0.06680941581726074
5652021.IV.MTCR..EH,1,0.9985955,0.0014045238494873047
5652021.IV.MTRZ..HH,1,0.99674267,0.0032573342323303223
5652021.GU.POPM..HH,1,0.99787974,0.0021202564239501953
5652021.IV.ZCCA..HH,1,0.9979128,0.0020871758460998535
5661231.IV.FNVD..HH,0,0.011392382,0.011392381973564625
5661231.IV.MTCR..EH,1,0.991824,0.008176028728485107
5669831.IV.BDI..HH,1,0.99872386,0.0012761354446411133
5669831.IV.CRMI..HH,1,0.9944145,0.00558549165725708
5669831.IV.FNVD..HH,0,0.0038542338,0.0038542337715625763
5669831.GU.MAIM..HH,1,0.9975904,0.0024095773696899414
5669831.IV.MTCR..EH,0,0.02674968,0.026749679818749428
5669831.IV.PII..HH,1,0.99857676,0.0014232397079467773
5669831.GU.POPM..HH,1,0.9984977,0.0015022754669189453
5669831.IV.SEI..HH,0,0.0017725949,0.0017725948709994555
5669831.MN.VLC..HH,1,0.99671847,0.003281533718109131
5669831.IV.ZCCA..HH,1,0.99740934,0.002590656280517578
5681731.IV.BDI..HH,1,0.99823785,0.0017621517181396484
5681731.IV.FNVD..HH,0,0.011681273,0.011681272648274899
5681731.GU.POPM..HH,1,0.9963109,0.003689110279083252
5681731.IV.ZCCA..HH,1,0.9952323,0.004767715930938721
5681871.IV.ASQU..HH,1,0.41332707,0.5866729319095612
5681871.IV.BDI..HH,1,0.9965513,0.0034487247467041016
5681871.IV.FNVD..HH,0,0.13535926,0.1353592574596405
5681871.GU.POPM..HH,1,0.937283,0.0627170205116272
5681871.IV.ZCCA..HH,1,0.99675184,0.003248155117034912
5682311.IV.BDI..HH,1,0.99801254,0.001987457275390625
5682311.GU.POPM..HH,1,0.9968637,0.003136277198791504
5682311.IV.ZCCA..HH,1,0.998031,0.001968979835510254
5691461.IV.MTCR..EH,1,0.9954177,0.0045822858810424805
5691461.IV.SEI..HH,0,0.028694058,0.02869405783712864
5705791.IV.FNVD..HH,1,0.9916542,0.00834578275680542
5705791.GU.POPM..HH,0,0.27417856,0.27417856454849243
5705791.IV.ZCCA..HH,0,0.011189057,0.011189056560397148
5713741.IV.BDI..HH,1,0.998857,0.0011429786682128906
5713741.GU.CARD..HH,1,0.9968376,0.003162384033203125
5713741.IV.MTCR..EH,0,0.00399415,0.003994150087237358
5713741.GU.POPM..HH,1,0.9989757,0.0010243058204650879
5713741.IV.ZCCA..HH,1,0.9984941,0.0015059113502502441
5728901.IV.BDI..HH,1,0.99561507,0.004384934902191162
5728901.IV.FNVD..HH,1,0.99757445,0.002425551414489746
5728901.IV.MTCR..EH,1,0.9985106,0.001489400863647461
5728901.GU.POPM..HH,1,0.99673367,0.0032663345336914062
5734791.IV.BDI..HH,0,0.0044000275,0.004400027450174093
5734791.IV.CAFI..HH,1,0.99209887,0.007901132106781006
5734791.IV.CRMI..HH,1,0.99592507,0.0040749311447143555
5734791.IV.FROS..HH,1,0.99877244,0.00122755765914917
5734791.IV.PARC..HH,1,0.98095655,0.019043445587158203
5734791.IV.TRIF..HH,1,0.99660707,0.003392934799194336
5739171.GU.GRAM..HH,0,0.89679545,0.8967954516410828
5759101.IV.BDI..HH,1,0.9986079,0.0013921260833740234
5759101.GU.CARD..HH,1,0.9974426,0.00255739688873291
5759101.IV.CRMI..HH,1,0.99650973,0.003490269184112549
5759101.IV.FNVD..HH,1,0.9972968,0.0027031898498535156
5759101.GU.MAIM..HH,1,0.99649715,0.0035028457641601562
5759101.IV.MPPT..EH,1,0.98097414,0.019025862216949463
5759101.IV.MTCR..EH,1,0.99829006,0.0017099380493164062
5759101.IV.PII..HH,1,0.99830294,0.0016970634460449219
5759101.IV.PLMA..HH,1,0.9916815,0.008318483829498291
5759101.GU.POPM..HH,1,0.9433179,0.05668210983276367
5759101.MN.VLC..HH,1,0.9977614,0.0022385716438293457
5763491.IV.BDI..HH,1,0.99797237,0.0020276308059692383
5763491.IV.FNVD..HH,0,0.002707354,0.002707354025915265
5763491.GU.POPM..HH,1,0.998371,0.0016289949417114258
5766221.IV.BDI..HH,1,0.9818432,0.018156826496124268
5766221.GU.EQUI..HH,1,0.9632018,0.036798179149627686
5766221.IV.FNVD..HH,0,0.054380935,0.054380934685468674
5766221.GU.MAIM..HH,1,0.99787986,0.0021201372146606445
5766221.IV.MTRZ..HH,0,0.011216122,0.011216121725738049
5766221.GU.POPM..HH,1,0.99816203,0.0018379688262939453
5766221.MN.VLC..HH,1,0.99671257,0.0032874345779418945
5766571.IV.MTCR..EH,1,0.9916481,0.008351922035217285
5766571.GU.POPM..HH,1,0.988964,0.0110359787940979
5767811.IV.BDI..HH,1,0.9973339,0.0026661157608032227
5767811.IV.FNVD..HH,0,0.008477015,0.008477015420794487
5767811.GU.POPM..HH,1,0.9834026,0.016597390174865723
5771531.IV.BDI..HH,1,0.97436506,0.025634944438934326
5771531.IV.FNVD..HH,0,0.0036069092,0.0036069091875106096
5771531.IV.ZCCA..HH,1,0.99127245,0.008727550506591797
5776481.IV.FNVD..HH,0,0.099845745,0.09984574466943741
5776481.IV.ZCCA..HH,1,0.9461845,0.053815484046936035
5778631.IV.BDI..HH,1,0.9805757,0.01942431926727295
5778631.GU.CARD..HH,1,0.9947245,0.0052754878997802734
5778631.IV.FNVD..HH,0,0.0020775928,0.002077592769637704
5778631.IV.MTCR..EH,0,0.010371108,0.01037110760807991
5778631.GU.POPM..HH,1,0.9971763,0.0028237104415893555
5778631.MN.VLC..HH,1,0.9962823,0.0037177205085754395
5778631.IV.ZCCA..HH,1,0.9973174,0.002682626247406006
5786661.IV.BDI..HH,1,0.9986993,0.0013006925582885742
5786661.GU.CARD..HH,1,0.9981764,0.0018236041069030762
5786661.IV.FNVD..HH,1,0.99858004,0.0014199614524841309
5786661.IV.MPPT..EH,1,0.99805444,0.0019455552101135254
5786661.IV.MTCR..EH,1,0.9974523,0.0025476813316345215
5786661.IV.PII..HH,1,0.99803925,0.00196075439453125
5786661.GU.POPM..HH,1,0.997388,0.002611994743347168
5786661.IV.SEI..HH,1,0.99839705,0.00160294771194458
5786661.MN.VLC..HH,1,0.99812984,0.0018701553344726562
5787131.GU.CARD..HH,1,0.99829924,0.001700758934020996
5787131.IV.FNVD..HH,1,0.99788105,0.0021189451217651367
5787131.GU.POPM..HH,1,0.99865043,0.0013495683670043945
5788481.GU.POPM..HH,1,0.99814284,0.001857161521911621
5789011.IV.BDI..HH,1,0.9971979,0.0028020739555358887
5789011.GU.POPM..HH,1,0.9990606,0.0009394288063049316
5801791.IV.CAFI..HH,0,0.008970775,0.008970774710178375
5801791.IV.PII..HH,0,0.008287338,0.008287337608635426
5801791.IV.RUFI..EH,1,0.99818605,0.0018139481544494629
5801791.IV.SFI..EH,1,0.99404675,0.00595325231552124
5807101.IV.BDI..HH,1,0.9988386,0.0011613965034484863
5807101.GU.EQUI..HH,1,0.97699076,0.02300924062728882
5807101.IV.MTCR..EH,0,0.0048427046,0.004842704627662897
5807101.GU.POPM..HH,1,0.9961,0.003899991512298584
5807101.IV.RUFI..EH,1,0.99434537,0.005654633045196533
5807101.MN.VLC..HH,1,0.9920167,0.00798332691192627
5807101.IV.ZCCA..HH,1,0.9981405,0.0018594861030578613
5808151.IV.APEC..HH,0,0.0019756574,0.001975657418370247
5808151.IV.ARCI..HH,0,0.0016024994,0.0016024993965402246
5808151.IV.ASQU..HH,0,0.0024279258,0.0024279258213937283
5808151.IV.ATVO..HH,0,0.0020134097,0.0020134097430855036
5808151.IV.BDI..HH,1,0.99859107,0.0014089345932006836
5808151.IV.CAFI..HH,0,0.0025489877,0.0025489877443760633
5808151.GU.CARD..HH,1,0.9979365,0.0020635128021240234
5808151.IV.CASP..HH,0,0.0055313497,0.0055313496850430965
5808151.IV.CELB..HH,1,0.9981169,0.001883089542388916
5808151.IV.CRE..HH,0,0.0021371944,0.002137194387614727
5808151.IV.CRMI..HH,0,0.0061128167,0.006112816743552685
5808151.IV.CTL8..EH,1,0.9926616,0.007338404655456543
5808151.GU.EQUI..HH,1,0.9986207,0.0013793110847473145
5808151.IV.FIR..HH,0,0.0033755794,0.003375579370185733
5808151.IV.FIU..EH,1,0.9897546,0.01024538278579712
5808151.IV.FNVD..HH,0,0.0023637086,0.002363708568736911
5808151.IV.FROS..HH,0,0.0015990114,0.001599011360667646
5808151.IV.IMI..HH,1,0.9963872,0.003612816333770752
5808151.IV.LMD..HH,0,0.005684888,0.005684887990355492
5808151.GU.MAIM..HH,1,0.99817616,0.0018238425254821777
5808151.IV.MAON..HH,0,0.0042492026,0.00424920255318284
5808151.IV.MGAB..HH,0,0.0023972807,0.002397280652076006
5808151.IV.MTCR..EH,0,0.0051613073,0.0051613072864711285
5808151.IV.MURB..HH,0,0.006297764,0.006297763902693987
5808151.GU.PCP..HH,1,0.9948927,0.005107283592224121
5808151.IV.PE3..EH,0,0.009787105,0.009787105023860931
5808151.IV.PIEI..HH,0,0.011215561,0.01121556106954813
5808151.IV.PII..HH,1,0.99762297,0.002377033233642578
5808151.IV.PLMA..HH,1,0.9976624,0.0023375749588012695
5808151.IV.RUFI..EH,0,0.0024145758,0.0024145757779479027
5808151.IV.SEI..HH,0,0.011948477,0.011948476545512676
5808151.IV.SERM..EH,1,0.9839008,0.016099214553833008
5808151.IV.SFI..EH,0,0.0020423012,0.002042301231995225
5808151.MN.VLC..HH,1,0.9979956,0.002004384994506836
5810751.IV.FNVD..HH,0,0.001445181,0.001445180969312787
5810751.IV.MTCR..EH,0,0.0024000257,0.002400025725364685
5810751.GU.POPM..HH,1,0.9980876,0.0019124150276184082
5810751.IV.ZCCA..HH,1,0.99810314,0.0018968582153320312
5815981.IV.ZCCA..HH,1,0.9987987,0.0012012720108032227
5817441.IV.BDI..HH,1,0.99898374,0.0010162591934204102
5817441.IV.MTCR..EH,0,0.004195021,0.004195020999759436
5824971.IV.BDI..HH,1,0.99883956,0.00116044282913208
5824971.IV.FNVD..HH,0,0.008559173,0.008559172973036766
5824971.IV.MTCR..EH,0,0.010891926,0.010891925543546677
5824971.GU.POPM..HH,1,0.99830514,0.0016948580741882324
5824971.MN.VLC..HH,0,0.0020260757,0.002026075730100274
5824971.IV.ZCCA..HH,1,0.9983115,0.0016884803771972656
5827631.GU.GRAM..HH,0,0.056222934,0.056222934275865555
5827631.IV.PLMA..HH,1,0.93049467,0.06950533390045166
5828951.IV.BDI..HH,1,0.9984118,0.0015882253646850586
5828951.IV.FNVD..HH,0,0.0022327006,0.0022327005863189697
5828951.GU.POPM..HH,1,0.9983759,0.0016241073608398438
5828951.IV.ZCCA..HH,1,0.99833816,0.001661837100982666
5835331.IV.BDI..HH,1,0.9976612,0.0023388266563415527
5835331.GU.CARD..HH,1,0.9966053,0.0033947229385375977
5835331.IV.FNVD..HH,0,0.0015943768,0.0015943767502903938
5835331.GU.MAIM..HH,1,0.99113005,0.008869946002960205
5835331.GU.POPM..HH,1,0.9966606,0.003339409828186035
5835331.IV.ZCCA..HH,1,0.99853486,0.001465141773223877
5835371.IV.BDI..HH,1,0.99797714,0.002022862434387207
5835371.IV.MTCR..EH,0,0.7458334,0.7458333969116211
5835371.IV.SEI..HH,1,0.99291307,0.00708693265914917
5835371.IV.ZCCA..HH,1,0.99853194,0.001468062400817871
5835611.IV.BDI..HH,1,0.9982137,0.0017862915992736816
5835611.GU.CARD..HH,1,0.9972445,0.0027555227279663086
5835611.IV.CRMI..HH,1,0.99759233,0.002407670021057129
5835611.GU.EQUI..HH,1,0.9984171,0.0015829205513000488
5835611.IV.MTCR..EH,1,0.9987998,0.0012001991271972656
5835611.MN.VLC..HH,1,0.99784553,0.0021544694900512695
5836631.GU.POPM..HH,1,0.9986631,0.0013368725776672363
5836631.IV.ZCCA..HH,1,0.99877006,0.0012299418449401855
5841631.GU.GRAM..HH,1,0.99220926,0.007790744304656982
5850631.IV.FNVD..HH,0,0.007843003,0.007843002676963806
5850631.GU.MAIM..HH,0,0.0066614905,0.0066614905372262
5850631.IV.OSSC..HH,0,0.054076243,0.054076243191957474
5850631.IV.PII..HH,1,0.800243,0.19975697994232178
5850631.IV.RUFI..EH,1,0.99363995,0.006360054016113281
5850631.IV.SFI..EH,1,0.9707321,0.02926790714263916
5850631.MN.VLC..HH,0,0.020850874,0.020850874483585358
5850631.IV.ZCCA..HH,1,0.9981899,0.0018100738525390625
5852571.IV.BDI..HH,1,0.99647874,0.003521263599395752
5852571.GU.CARD..HH,1,0.99503046,0.004969537258148193
5852571.IV.FNVD..HH,1,0.997001,0.0029990077018737793
5852571.IV.MTCR..EH,1,0.99757093,0.002429068088531494
5852571.MN.VLC..HH,1,0.99697953,0.00302046537399292
5852571.IV.ZCCA..HH,1,0.9968796,0.00312042236328125
5903761.IV.CAVE..HH,1,0.99726796,0.0027320384979248047
5903761.IV.SERM..EH,0,0.0073228134,0.007322813384234905
5924961.IV.FIU..EH,1,0.9981724,0.0018275976181030273
5940631.IV.BDI..HH,1,0.99469054,0.005309462547302246
5940631.IV.ZCCA..HH,1,0.9972203,0.002779722213745117
5958111.IV.BDI..HH,1,0.99790835,0.002091646194458008
5958111.IV.ZCCA..HH,1,0.99791527,0.0020847320556640625
5958351.GU.GORR..HH,1,0.9961044,0.003895580768585205
5958351.IV.PLMA..HH,0,0.0065053175,0.006505317520350218
5970641.IV.ASQU..HH,1,0.9942592,0.005740821361541748
5970641.IV.CAFI..HH,1,0.997969,0.0020310282707214355
5970641.IV.FROS..HH,0,0.003004143,0.003004143014550209
5970641.IV.OSSC..HH,1,0.9978921,0.0021079182624816895
5970641.IV.TRIF..HH,1,0.998299,0.0017009973526000977
5971261.IV.RAVA..EH,0,0.0013234572,0.0013234572252258658
5972051.IV.RAVA..EH,1,0.9665745,0.03342550992965698
5972211.IV.FIU..EH,0,0.071542524,0.07154252380132675
5972211.IV.TEOL..HH,1,0.99659985,0.003400146961212158
5972921.GU.CARD..HH,1,0.99569917,0.004300832748413086
5972921.GU.MAIM..HH,1,0.9978592,0.002140820026397705
5975471.IV.BOB..HH,1,0.99818903,0.0018109679222106934
5975471.GU.GORR..HH,1,0.9984185,0.0015814900398254395
5975531.IV.BDI..HH,1,0.9972833,0.0027167201042175293
5984871.IV.PRMA..HH,0,0.002322599,0.002322599058970809
5991561.IV.BDI..HH,1,0.9980661,0.0019338726997375488
5991561.IV.MTCR..EH,0,0.004597116,0.00459711579605937
5991561.IV.ZCCA..HH,1,0.9977581,0.0022419095039367676
5993871.IV.BOB..HH,0,0.018030548,0.018030548468232155
5993871.GU.EQUI..HH,1,0.0065319273,0.9934680727310479
5993871.GU.GORR..HH,1,0.9982681,0.00173187255859375
5993871.GU.GRAM..HH,1,0.81477094,0.18522906303405762
5993871.IV.MSSA..HH,1,0.95848197,0.04151803255081177
5993871.GU.PCP..HH,0,0.0128206285,0.012820628471672535
5998451.IV.CAVE..HH,0,0.002809333,0.0028093329165130854
5998451.MN.VLC..HH,1,0.9956532,0.004346787929534912
5999731.IV.MPPT..EH,1,0.9954692,0.004530787467956543
5999731.IV.RUFI..EH,1,0.9948279,0.005172073841094971
6012891.GU.CARD..HH,1,0.9964414,0.0035585761070251465
6012891.MN.VLC..HH,1,0.996518,0.0034819841384887695
6012891.IV.ZCCA..HH,1,0.9983527,0.0016472935676574707
6027821.IV.CELB..HH,1,0.9790112,0.020988821983337402
6039271.GU.CARD..HH,1,0.9919616,0.00803840160369873
6058311.IV.ASQU..HH,1,0.9961788,0.0038211941719055176
6058311.IV.CAFI..HH,1,0.9968218,0.0031781792640686035
6058311.IV.CASP..HH,1,0.9910492,0.00895082950592041
6058311.IV.CSNT..HH,1,0.99725544,0.0027445554733276367
6058311.IV.FROS..HH,1,0.998838,0.0011619925498962402
6058311.GU.MAIM..HH,1,0.9911664,0.008833587169647217
6058311.IV.MAON..HH,1,0.99727654,0.0027234554290771484
6058311.IV.OSSC..HH,1,0.9987295,0.0012704730033874512
6058651.IV.BDI..HH,0,0.011029746,0.011029746383428574
6058651.GU.CARD..HH,0,0.0066999397,0.006699939724057913
6058651.IV.CSNT..HH,0,0.0025277885,0.0025277885142713785
6058651.GU.MAIM..HH,0,0.0016211517,0.0016211516922339797
6058651.IV.OSSC..HH,0,0.003250773,0.0032507730647921562
6058651.IV.PII..HH,0,0.0032826085,0.003282608464360237
6058651.IV.PRMA..HH,1,0.39878625,0.6012137532234192
6058651.IV.RUFI..EH,0,0.0054646623,0.005464662332087755
6058651.IV.ZCCA..HH,1,0.9965896,0.0034103989601135254
6061461.IV.ZCCA..HH,1,0.9977588,0.002241194248199463
6068821.IV.APPI..EH,0,0.0014588457,0.0014588456833735108
6068821.IV.ARCI..HH,1,0.9936814,0.006318628787994385
6068821.IV.ASQU..HH,1,0.9981779,0.0018221139907836914
6068821.IV.ATCC..EH,1,0.9969985,0.0030015110969543457
6068821.IV.ATMI..HH,1,0.81151,0.18848997354507446
6068821.IV.ATTE..HH,0,0.009615899,0.009615899063646793
6068821.IV.BADI..EH,0,0.0055572195,0.005557219497859478
6068821.IV.BRIS..HH,1,0.99398714,0.006012856960296631
6068821.IV.CAFI..HH,0,0.005192675,0.005192675162106752
6068821.GU.CARD..HH,0,0.0020799052,0.002079905243590474
6068821.NI.CLUD..HH,1,0.9629416,0.03705841302871704
6068821.IV.CRE..HH,1,0.99575484,0.004245162010192871
6068821.IV.CSNT..HH,0,0.0026863713,0.0026863713283091784
6068821.IV.CTI..HH,0,0.0022535385,0.0022535384632647038
6068821.GU.EQUI..HH,0,0.0020367817,0.0020367817487567663
6068821.IV.FIR..HH,1,0.9986196,0.0013803839683532715
6068821.IV.FROS..HH,1,0.9979171,0.0020828843116760254
6068821.GU.GRAM..HH,0,0.0018490051,0.0018490051152184606
6068821.IV.LMD..HH,1,0.99782115,0.0021788477897644043
6068821.IV.MABI..HH,0,0.0039250306,0.003925030585378408
6068821.GU.MAIM..HH,0,0.00131458,0.001314579974859953
6068821.IV.MPPT..EH,1,0.998502,0.0014979839324951172
6068821.IV.MTCR..EH,0,0.0024103574,0.002410357352346182
6068821.IV.MTRZ..HH,1,0.9515677,0.04843229055404663
6068821.IV.PLMA..HH,0,0.0022057078,0.0022057078313082457
6068821.GU.PZZ..HH,0,0.010681249,0.01068124920129776
6068821.IV.ROVR..HH,0,0.0020221889,0.0020221888553351164
6068821.IV.RSM2..HH,1,0.9935697,0.006430327892303467
6068821.IV.RUFI..EH,1,0.9829621,0.017037928104400635
6068821.IV.SACS..HH,0,0.009716893,0.00971689261496067
6068821.IV.SALO..HH,0,0.0012550928,0.0012550927931442857
6068821.IV.SEI..HH,1,0.99786425,0.002135753631591797
6068821.IV.TEOL..HH,0,0.0016300483,0.0016300482675433159
6068821.IV.TRIF..HH,1,0.9963005,0.00369948148727417
6068821.NI.VARN..HH,0,0.00095601886,0.0009560188627801836
6068931.IV.CSNT..HH,0,0.0030779834,0.0030779833905398846
6068931.IV.RUFI..EH,1,0.9945606,0.005439400672912598
6074621.IV.ASQU..HH,0,0.006640358,0.0066403578966856
6074621.IV.BRIS..HH,1,0.9767889,0.023211121559143066
6074621.IV.LMD..HH,1,0.98456407,0.015435934066772461
6074621.IV.MTRZ..HH,1,0.9952178,0.004782199859619141
6074621.IV.OSSC..HH,1,0.9806439,0.019356071949005127
6074621.IV.SFI..EH,0,0.005631042,0.005631042178720236
6074621.IV.TEOL..HH,1,0.99430376,0.005696237087249756
6079421.IV.ASQU..HH,0,0.0032716838,0.003271683817729354
6079421.IV.LMD..HH,0,0.24253988,0.2425398826599121
6079421.IV.MPPT..EH,1,0.99602693,0.003973066806793213
6079421.IV.MTCR..EH,1,0.994928,0.00507199764251709
6079421.IV.MTRZ..HH,0,0.0016978362,0.001697836210951209
6079421.IV.PARC..HH,1,0.9717447,0.02825528383255005
6079421.IV.SEI..HH,0,0.003837566,0.003837565891444683
6079421.IV.SFI..EH,0,0.0060221744,0.006022174376994371
6080011.IV.BDI..HH,1,0.99770486,0.0022951364517211914
6080011.IV.MTCR..EH,1,0.9961901,0.0038099288940429688
6080011.MN.VLC..HH,0,0.003447285,0.003447284922003746
6080011.IV.ZCCA..HH,1,0.9981976,0.0018023848533630371
6080811.IV.ASQU..HH,0,0.005705233,0.005705233197659254
6080811.IV.SEI..HH,0,0.004400746,0.004400745965540409
6080861.IV.BOB..HH,1,0.99801105,0.0019889473915100098
6080861.GU.GORR..HH,0,0.01081271,0.010812710039317608
6080861.GU.GRAM..HH,0,0.006085071,0.0060850707814097404
6080861.IV.MSSA..HH,0,0.006169343,0.006169342901557684
6080861.MN.VLC..HH,1,0.995516,0.004483997821807861
6081131.IV.ARCI..HH,0,0.010623268,0.010623267851769924
6081131.IV.ASQU..HH,1,0.976224,0.023775994777679443
6081131.IV.ATPI..EH,1,0.99503344,0.004966557025909424
6081131.IV.CSNT..HH,0,0.00546627,0.0054662697948515415
6081131.IV.FROS..HH,1,0.99815345,0.0018465518951416016
6081131.IV.MPPT..EH,0,0.031220645,0.03122064471244812
6081131.IV.OSSC..HH,0,0.01715527,0.017155269160866737
6081131.IV.PARC..HH,0,0.009941444,0.009941443800926208
6081131.IV.RUFI..EH,1,0.9979181,0.0020818710327148438
6081131.IV.SSP9..EH,1,0.9937506,0.006249427795410156
6081131.IV.TRIF..HH,1,0.9954969,0.004503071308135986
6090101.GU.CARD..HH,0,0.0053719087,0.0053719086572527885
6090101.GU.EQUI..HH,1,0.99763733,0.002362668514251709
6090101.GU.GRAM..HH,0,0.00994744,0.009947439655661583
6090101.MN.VLC..HH,1,0.9964678,0.0035321712493896484
6090531.IV.ASQU..HH,0,0.0029836006,0.0029836005996912718
6090531.IV.BRIS..HH,1,0.98738176,0.01261824369430542
6090531.IV.LMD..HH,1,0.99655086,0.0034491419792175293
6090531.IV.MTRZ..HH,1,0.99306816,0.0069318413734436035
6090531.IV.SFI..EH,0,0.001514974,0.0015149740502238274
6094421.IV.ZCCA..HH,1,0.9966024,0.0033975839614868164
6094601.IV.ZCCA..HH,1,0.99911255,0.000887453556060791
6096491.IV.ASQU..HH,1,0.99182343,0.008176565170288086
6096611.IV.BDI..HH,1,0.99363047,0.006369531154632568
6096611.IV.MTCR..EH,0,0.023727698,0.023727698251605034
6096611.IV.ZCCA..HH,0,0.0021860818,0.00218608183786273
6101831.IV.SEI..HH,1,0.9971673,0.0028327107429504395
6111111.IV.BDI..HH,1,0.99785787,0.0021421313285827637
6111111.MN.VLC..HH,1,0.9961652,0.0038347840309143066
6112181.IV.BRIS..HH,1,0.99597734,0.004022657871246338
6112181.IV.LMD..HH,1,0.99243885,0.007561147212982178
6112181.IV.SEI..HH,0,0.0023212822,0.0023212821688503027
6117471.IV.PRMA..HH,0,0.03407306,0.034073058515787125
6117971.IV.ASQU..HH,1,0.99800146,0.0019985437393188477
6117971.IV.BRIS..HH,1,0.99745816,0.002541840076446533
6117971.IV.LMD..HH,1,0.99739736,0.0026026368141174316
6117971.IV.RUFI..EH,1,0.9976229,0.0023770928382873535
6127131.IV.BDI..HH,1,0.98066115,0.01933884620666504
6127131.IV.MTCR..EH,0,0.0028937235,0.0028937235474586487
6130721.IV.FNVD..HH,1,0.9916313,0.00836867094039917
6130721.IV.SEI..HH,1,0.9945963,0.005403697490692139
6131011.IV.SEI..HH,1,0.99476856,0.00523144006729126
6139341.IV.SEI..HH,1,0.9979582,0.0020418167114257812
6148601.IV.PLMA..HH,1,0.99784005,0.0021599531173706055
6150531.IV.ZCCA..HH,1,0.99800557,0.0019944310188293457
6150631.IV.BDI..HH,1,0.99792516,0.0020748376846313477
6150631.IV.FNVD..HH,0,0.0036662857,0.0036662856582552195
6150631.IV.LMD..HH,0,0.0032450212,0.003245021216571331
6150631.IV.MPPT..EH,0,0.0017233791,0.0017233791295439005
6150631.IV.MTCR..EH,0,0.0022285574,0.002228557365015149
6150631.IV.RUFI..EH,0,0.003085575,0.0030855750665068626
6150631.MN.VLC..HH,1,0.9983727,0.0016273260116577148
6150631.IV.ZCCA..HH,1,0.9946741,0.005325913429260254
6152091.GU.GRAM..HH,0,0.0020410365,0.002041036495938897
6173921.IV.MTCR..EH,0,0.0013958374,0.0013958374038338661
6173921.IV.ZCCA..HH,1,0.9792486,0.02075141668319702
6174281.IV.APPI..EH,0,0.0024752885,0.002475288463756442
6174281.IV.CAVE..HH,1,0.99823713,0.0017628669738769531
6174281.IV.CRE..HH,1,0.9951482,0.004851818084716797
6174281.IV.CSNT..HH,1,0.9952272,0.004772782325744629
6174281.IV.CTI..HH,0,0.0025707777,0.002570777665823698
6174281.ST.DOSS..HH,0,0.0011727349,0.0011727348901331425
6174281.ST.GAGG..HH,0,0.0022589916,0.002258991589769721
6174281.GU.GRAM..HH,1,0.97453016,0.025469839572906494
6174281.SI.MOSI..HH,0,0.0049091876,0.00490918755531311
6174281.IV.RAVA..EH,0,0.0047935173,0.004793517291545868
6174281.IV.ROVR..HH,0,0.0014915656,0.0014915656065568328
6174281.IV.SFI..EH,0,0.0037337404,0.003733740421012044
6174281.IV.TEOL..HH,0,0.001597012,0.0015970120439305902
6174281.NI.VARN..HH,0,0.0022604666,0.0022604665718972683
6174281.IV.ZCCA..HH,1,0.9969991,0.003000915050506592
6177771.IV.BDI..HH,1,0.9966584,0.0033416152000427246
6177771.IV.ROVR..HH,1,0.9960669,0.003933072090148926
6182211.IV.BDI..HH,1,0.99886394,0.0011360645294189453
6182211.IV.FNVD..HH,0,0.0058782143,0.005878214258700609
6182211.IV.MTCR..EH,1,0.998988,0.0010120272636413574
6182211.MN.VLC..HH,0,0.0017781901,0.0017781901406124234
6182211.IV.ZCCA..HH,1,0.99901664,0.0009833574295043945
6182401.IV.BDI..HH,0,0.010091901,0.010091900825500488
6182401.GU.GRAM..HH,0,0.93527234,0.9352723360061646
6209991.IV.PLMA..HH,1,0.9876159,0.012384116649627686
6214181.GU.MAIM..HH,0,0.0013199641,0.0013199640670791268
6222621.IV.BDI..HH,1,0.99823594,0.001764059066772461
6222621.IV.ZCCA..HH,1,0.99605125,0.0039487481117248535
6225241.IV.BDI..HH,1,0.99849045,0.001509547233581543
6225241.IV.MTCR..EH,0,0.0037104823,0.003710482269525528
6225241.MN.VLC..HH,0,0.108627886,0.10862788558006287
6225571.IV.BDI..HH,1,0.9980059,0.0019940733909606934
6225571.IV.FNVD..HH,0,0.0016113116,0.0016113115707412362
6225571.GU.GRAM..HH,1,0.99016035,0.009839653968811035
6225571.IV.MTCR..EH,0,0.020592138,0.020592138171195984
6225571.IV.MTRZ..HH,0,0.009202499,0.009202498942613602
6225571.IV.RUFI..EH,0,0.009709558,0.009709558449685574
6225571.IV.ZCCA..HH,1,0.9972034,0.0027965903282165527
6234051.IV.BDI..HH,1,0.9987156,0.0012844204902648926
6234051.IV.FNVD..HH,0,0.0013109461,0.0013109460705891252
6234051.IV.MTCR..EH,1,0.99776995,0.002230048179626465
6234051.MN.VLC..HH,0,0.0025917299,0.002591729862615466
6234051.IV.ZCCA..HH,1,0.9974747,0.00252532958984375
6240791.IV.MPPT..EH,0,0.011082199,0.011082199402153492
6240791.IV.MTCR..EH,1,0.9957881,0.004211902618408203
6240791.IV.PII..HH,1,0.9938843,0.00611567497253418
6240791.IV.RUFI..EH,0,0.002032652,0.0020326520316302776
6242561.IV.BRIS..HH,0,0.0016157652,0.0016157651552930474
6263751.IV.BDI..HH,1,0.9971481,0.0028519034385681152
6263751.IV.FNVD..HH,0,0.0014362651,0.0014362650690600276
6263751.IV.ZCCA..HH,1,0.99844307,0.0015569329261779785
6263921.IV.BRIS..HH,1,0.99738944,0.0026105642318725586
6263921.IV.FROS..HH,1,0.99795336,0.002046644687652588
6263921.IV.PARC..HH,1,0.9963192,0.0036808252334594727
6263921.IV.RUFI..EH,1,0.9587126,0.04128742218017578
6267371.IV.BDI..HH,1,0.9969604,0.0030395984649658203
6267371.IV.FNVD..HH,0,0.003583633,0.0035836331080645323
6267371.IV.MTCR..EH,0,0.0036022372,0.003602237207815051
6267371.IV.PII..HH,0,0.012818396,0.012818396091461182
6267371.IV.SFI..EH,1,0.99250543,0.007494568824768066
6267371.IV.ZCCA..HH,1,0.99685127,0.0031487345695495605
6267721.IV.BDI..HH,1,0.9972286,0.0027713775634765625
6267721.IV.FNVD..HH,1,0.9986498,0.0013502240180969238
6267721.IV.MPPT..EH,1,0.9972893,0.002710700035095215
6267721.IV.MTCR..EH,1,0.9988161,0.001183927059173584
6267721.IV.SEI..HH,1,0.997043,0.002956986427307129
6267721.MN.VLC..HH,1,0.9984675,0.0015324950218200684
6267721.IV.ZCCA..HH,1,0.99687016,0.0031298398971557617
6269211.IV.FNVD..HH,1,0.99768263,0.002317368984222412
6269211.IV.MTCR..EH,1,0.9987809,0.0012190937995910645
6269211.IV.ZCCA..HH,1,0.99502945,0.004970550537109375
6270821.IV.BDI..HH,1,0.9970226,0.0029773712158203125
6270821.IV.MTCR..EH,1,0.99887425,0.0011257529258728027
6270821.IV.ZCCA..HH,1,0.9956853,0.004314720630645752
6272961.IV.LMD..HH,1,0.9971566,0.0028433799743652344
6272961.IV.RUFI..EH,0,0.0011336231,0.0011336230672895908
6275411.IV.PII..HH,1,0.9978986,0.002101421356201172
6275711.IV.PII..HH,1,0.99449176,0.005508244037628174
6285011.IV.BDI..HH,1,0.99827015,0.0017298460006713867
6285011.IV.FNVD..HH,0,0.002900316,0.0029003159143030643
6285011.IV.ZCCA..HH,1,0.9984253,0.001574695110321045
6288461.IV.BDI..HH,0,0.041909136,0.04190913587808609
6288461.IV.MTCR..EH,0,0.011396786,0.011396786198019981
6288461.IV.ZCCA..HH,1,0.9915663,0.008433699607849121
6293501.IV.BRIS..HH,1,0.9949327,0.005067288875579834
6293501.IV.LMD..HH,1,0.9847047,0.015295326709747314
6293501.IV.MTRZ..HH,1,0.99035627,0.009643733501434326
6293501.IV.SEI..HH,0,0.009446979,0.009446978569030762
6293501.IV.SFI..EH,0,0.004158844,0.004158843774348497
6294051.IV.ARCI..HH,1,0.98995054,0.01004946231842041
6294051.IV.CSNT..HH,0,0.006419258,0.006419258192181587
6294051.IV.FROS..HH,0,0.001452098,0.001452098018489778
6294051.IV.MCIV..HH,1,0.98999107,0.010008931159973145
6294051.IV.OSSC..HH,0,0.006390165,0.006390165071934462
6294051.IV.TRIF..HH,1,0.9962585,0.0037415027618408203
6294771.IV.BRIS..HH,0,0.0013115554,0.0013115553883835673
6294771.IV.IMOL..EH,1,0.99880224,0.0011977553367614746
6294771.IV.LMD..HH,0,0.002562533,0.002562532899901271
6294771.IV.MTRZ..HH,0,0.0025530085,0.002553008496761322
6297511.IV.FNVD..HH,1,0.9963803,0.003619670867919922
6297511.IV.ZCCA..HH,1,0.99616593,0.003834068775177002
6309291.IV.ZCCA..HH,1,0.9982627,0.0017372965812683105
6310461.IV.TRIF..HH,1,0.9978334,0.0021666288375854492
6310651.IV.ZCCA..HH,1,0.99564564,0.004354357719421387
6326581.IV.ARCI..HH,0,0.023776386,0.023776385933160782
6326581.IV.CSNT..HH,0,0.013656848,0.01365684811025858
6326581.IV.FROS..HH,0,0.0041278987,0.004127898719161749
6326581.IV.OSSC..HH,0,0.0053902045,0.00539020448923111
6326581.IV.TRIF..HH,0,0.007361633,0.007361632771790028
6329861.IV.FNVD..HH,1,0.99794436,0.002055644989013672
6329861.IV.MTCR..EH,1,0.99865437,0.0013456344604492188
6329861.IV.SEI..HH,1,0.9869789,0.013021111488342285
6329861.IV.ZCCA..HH,0,0.19806303,0.19806303083896637
6331341.IV.BRIS..HH,0,0.007998057,0.007998056709766388
6331341.IV.IMOL..EH,0,0.012622006,0.012622006237506866
6331341.IV.LMD..HH,1,0.9946442,0.005355775356292725
6331341.IV.MTRZ..HH,1,0.99446625,0.005533754825592041
6331931.IV.CSNT..HH,1,0.9770654,0.02293461561203003
6331931.IV.RUFI..EH,1,0.9980474,0.0019525885581970215
6331931.IV.SEI..HH,1,0.9955433,0.004456698894500732
6344531.IV.CSNT..HH,1,0.9985562,0.0014438033103942871
6344531.IV.MCIV..HH,0,0.0025838139,0.002583813853561878
6344531.IV.OSSC..HH,1,0.99882936,0.0011706352233886719
6344531.IV.SSP9..EH,0,0.005228683,0.005228682886809111
6344531.IV.TRIF..HH,1,0.9979231,0.0020769238471984863
6347791.IV.MSSA..HH,1,0.99804455,0.0019554495811462402
6347791.IV.PII..HH,0,0.02948749,0.0294874906539917
6366241.IV.ASQU..HH,0,0.0039189947,0.0039189946837723255
6366241.IV.CRE..HH,0,0.008923934,0.00892393384128809
6366241.IV.SFI..EH,0,0.0013819155,0.0013819155283272266
6370231.IV.CSNT..HH,1,0.9987183,0.0012816786766052246
6370231.IV.FROS..HH,1,0.99801683,0.001983165740966797
6370231.IV.OSSC..HH,1,0.99833506,0.0016649365425109863
6370231.IV.TRIF..HH,1,0.9990257,0.0009742975234985352
6386631.IV.BDI..HH,1,0.9860575,0.013942480087280273
6386631.IV.FNVD..HH,0,0.034578398,0.03457839787006378
6386631.IV.MTCR..EH,0,0.012811169,0.012811169028282166
6386631.IV.PII..HH,1,0.99197483,0.008025169372558594
6386631.MN.VLC..HH,1,0.99350566,0.006494343280792236
6386631.IV.ZCCA..HH,1,0.99512625,0.004873752593994141
6387061.IV.RAVA..EH,1,0.9974269,0.002573072910308838
6398131.IV.BRIS..HH,1,0.99465984,0.005340158939361572
6398131.IV.MTRZ..HH,0,0.006351657,0.006351657211780548
6398501.IV.OSSC..HH,0,0.005408069,0.005408069118857384
6398501.IV.TRIF..HH,1,0.9983665,0.0016335248947143555
6404581.IV.CRMI..HH,0,0.002488985,0.0024889849592000246
6404581.IV.FNVD..HH,1,0.9981372,0.0018628239631652832
6404581.IV.MPPT..EH,1,0.99839956,0.0016004443168640137
6404581.IV.MTCR..EH,1,0.99780846,0.0021915435791015625
6404581.IV.PII..HH,1,0.9979132,0.002086818218231201
6407871.IV.ARCI..HH,0,0.003480944,0.0034809440840035677
6407871.IV.ASQU..HH,0,0.004069593,0.0040695928037166595
6407871.IV.BDI..HH,0,0.0011579087,0.0011579087004065514
6407871.IV.CSNT..HH,1,0.9978214,0.0021786093711853027
6407871.IV.FROS..HH,1,0.99858373,0.0014162659645080566
6407871.IV.MCIV..HH,0,0.0038401135,0.0038401135243475437
6407871.IV.OSSC..HH,1,0.9896729,0.01032710075378418
6407871.IV.TRIF..HH,0,0.002590377,0.0025903768837451935
6419801.IV.OSSC..HH,0,0.0023352592,0.002335259225219488
6421761.IV.PII..HH,1,0.99378633,0.006213665008544922
6438421.IV.CSNT..HH,1,0.99859476,0.0014052391052246094
6438421.IV.FROS..HH,0,0.003292338,0.003292337991297245
6438421.IV.OSSC..HH,1,0.9980879,0.0019121170043945312
6438421.IV.RUFI..EH,0,0.0030577458,0.0030577457509934902
6440041.IV.FROS..HH,1,0.9934407,0.006559312343597412
6440041.IV.OSSC..HH,1,0.99230784,0.007692158222198486
6440681.IV.BDI..HH,1,0.9632726,0.0367274284362793
6440681.IV.PLMA..HH,1,0.99805546,0.0019445419311523438
6440681.MN.VLC..HH,1,0.9982589,0.0017411112785339355
6441481.IV.FROS..HH,1,0.39802247,0.601977527141571
6443991.IV.FROS..HH,1,0.9910472,0.008952796459197998
6445091.IV.FROS..HH,1,0.99820715,0.0017928481101989746
6446601.IV.OSSC..HH,1,0.99722505,0.002774953842163086
6453151.IV.CSNT..HH,0,0.0018512453,0.0018512452952563763
6453151.GU.MAIM..HH,0,0.002123999,0.0021239989437162876
6453151.IV.OSSC..HH,0,0.0049462817,0.0049462816677987576
6453151.IV.PII..HH,0,0.0059411367,0.0059411367401480675
6459841.GU.CARD..HH,1,0.9980578,0.0019422173500061035
6459841.IV.FNVD..HH,0,0.048610426,0.04861042648553848
6459841.GU.GSCL..HH,0,0.001116278,0.0011162779992446303
6459841.GU.MAIM..HH,1,0.9556882,0.04431182146072388
6459841.IV.MPPT..EH,0,0.010571546,0.010571545921266079
6459841.IV.PII..HH,1,0.98535806,0.014641940593719482
6459841.IV.RUFI..EH,1,0.98921424,0.01078575849533081
6459841.MN.VLC..HH,0,0.58809274,0.5880927443504333
6463861.IV.CAVE..HH,0,0.13311419,0.13311418890953064
6463861.GU.GSCL..HH,1,0.99804515,0.0019548535346984863
6463861.IV.RAVA..EH,1,0.9960639,0.003936111927032471
6469061.IV.CSNT..HH,1,0.9976113,0.0023887157440185547
6469061.IV.RUFI..EH,1,0.99179965,0.008200347423553467
6469061.IV.TRIF..HH,1,0.9962382,0.0037618279457092285
6469111.IV.CSNT..HH,1,0.995199,0.004800975322723389
6469111.IV.RUFI..EH,1,0.9969401,0.0030599236488342285
6469111.IV.TRIF..HH,1,0.98450965,0.015490353107452393
6469161.IV.RUFI..EH,1,0.99801904,0.0019809603691101074
6469161.IV.SSP9..EH,0,0.29277262,0.2927726209163666
6469161.IV.TRIF..HH,1,0.99827963,0.0017203688621520996
6469321.IV.CAVE..HH,0,0.0039874157,0.003987415693700314
6469321.IV.SERM..EH,0,0.010434092,0.01043409202247858
6476631.IV.ARCI..HH,1,0.89589435,0.10410565137863159
6476631.IV.CASP..HH,1,0.99691045,0.0030895471572875977
6476631.IV.CRE..HH,1,0.94622433,0.053775668144226074
6476631.IV.CSNT..HH,1,0.99710894,0.002891063690185547
6476631.IV.MPPT..EH,1,0.9921394,0.00786060094833374
6476631.IV.OSSC..HH,1,0.9911056,0.008894383907318115
6476631.IV.RUFI..EH,1,0.99877506,0.0012249350547790527
6476631.IV.SFI..EH,1,0.98197377,0.018026232719421387
6476691.IV.CSNT..HH,1,0.9987638,0.0012362003326416016
6476691.IV.MPPT..EH,0,0.018365968,0.018365968018770218
6476691.IV.OSSC..HH,1,0.9988893,0.001110672950744629
6476691.IV.RUFI..EH,1,0.9971054,0.002894580364227295
6476691.IV.SSP9..EH,1,0.99636036,0.0036396384239196777
6479281.IV.TRIF..HH,1,0.9923231,0.007676899433135986
6483211.IV.RUFI..EH,1,0.99861884,0.0013811588287353516
6493721.IV.LMD..HH,1,0.99529797,0.00470203161239624
6493721.IV.RUFI..EH,1,0.9986157,0.0013843178749084473
6497851.IV.PII..HH,1,0.99434817,0.00565183162689209
6501921.IV.CRMI..HH,1,0.99830544,0.0016945600509643555
6501921.IV.MTCR..EH,1,0.9963841,0.0036159157752990723
6502091.IV.CRMI..HH,1,0.9984392,0.001560807228088379
6502091.IV.MPPT..EH,0,0.0015129563,0.001512956339865923
6502091.IV.MTCR..EH,1,0.99726886,0.002731144428253174
6505191.IV.CSNT..HH,1,0.9980165,0.0019835233688354492
6505191.IV.OSSC..HH,1,0.99802417,0.001975834369659424
6505571.IV.BDI..HH,1,0.99837005,0.001629948616027832
6505571.IV.FNVD..HH,1,0.9987241,0.0012758970260620117
6505571.IV.MTCR..EH,1,0.9983795,0.001620471477508545
6506791.IV.ARCI..HH,0,0.0017984094,0.0017984093865379691
6517311.IV.CAVE..HH,1,0.9977675,0.002232491970062256
6517311.IV.RAVA..EH,0,0.0028055161,0.0028055161237716675
6530721.IV.BDI..HH,1,0.99162936,0.008370637893676758
6530721.GU.CARD..HH,0,0.006011976,0.006011975929141045
6530721.GU.MAIM..HH,0,0.007837551,0.007837550714612007
6530721.IV.MPPT..EH,1,0.99753416,0.00246584415435791
6530721.IV.MTCR..EH,1,0.99816614,0.0018338561058044434
6532531.IV.FIU..EH,0,0.0025149444,0.002514944411814213
6532531.IV.TEOL..HH,0,0.011439911,0.011439911089837551
6540521.IV.ASQU..HH,0,0.023869667,0.023869667202234268
6540521.IV.BRIS..HH,1,0.9919892,0.008010804653167725
6540521.IV.FNVD..HH,1,0.99772674,0.002273261547088623
6540521.IV.MTRZ..HH,1,0.99542475,0.004575252532958984
6540521.IV.OSSC..HH,0,0.0022454818,0.002245481824502349
6540521.IV.RUFI..EH,0,0.0252255,0.025225499644875526
6540521.IV.SEI..HH,1,0.9980513,0.001948714256286621
6540851.IV.ARCI..HH,1,0.9824161,0.017583906650543213
6540851.IV.CRE..HH,1,0.9928299,0.00717008113861084
6541101.IV.ARCI..HH,1,0.9960112,0.003988802433013916
6541101.IV.ASQU..HH,1,0.96480817,0.03519183397293091
6541101.IV.ATLO..EH,1,0.9939856,0.006014406681060791
6541101.IV.ATMC..EH,1,0.9909488,0.009051203727722168
6541101.IV.ATPC..HH,1,0.702272,0.2977280020713806
6541101.IV.ATVA..EH,1,0.98240244,0.017597556114196777
6541101.IV.CAFI..HH,1,0.99711627,0.002883732318878174
6541101.IV.CPGN..EH,1,0.98987967,0.01012033224105835
6541101.IV.CRE..HH,1,0.9954126,0.004587411880493164
6541101.IV.OSSC..HH,0,0.010032264,0.010032263584434986
6541101.IV.PARC..HH,1,0.9977618,0.0022382140159606934
6565861.IV.ASQU..HH,1,0.99780816,0.0021918416023254395
6565861.IV.SFI..EH,1,0.9978766,0.002123415470123291
6578251.ST.GAGG..HH,1,0.99391717,0.0060828328132629395
6589911.IV.RAVA..EH,0,0.0031463425,0.0031463424675166607
6598561.IV.FNVD..HH,1,0.059963483,0.94003651663661
6598561.GU.GSCL..HH,1,0.36598524,0.634014755487442
6598561.IV.MTCR..EH,1,0.9962037,0.0037962794303894043
6599671.GU.GSCL..HH,1,0.9983492,0.0016508102416992188
6599671.IV.ZCCA..HH,1,0.9984685,0.0015314817428588867
6637901.IV.RAVA..EH,0,0.010866218,0.010866218246519566
6638471.IV.FNVD..HH,1,0.99439335,0.005606651306152344
6638471.IV.MTCR..EH,1,0.99794,0.0020599961280822754
6638471.IV.MTRZ..HH,1,0.99838877,0.0016112327575683594
6638471.IV.RUFI..EH,1,0.9979004,0.0020995736122131348
6639611.IV.PRMA..HH,1,0.99831164,0.0016883611679077148
6643351.GU.CARD..HH,1,0.99369705,0.006302952766418457
6647591.IV.CSNT..HH,1,0.98244023,0.01755976676940918
6647591.IV.PII..HH,1,0.9859506,0.014049410820007324
6647591.IV.TRIF..HH,1,0.9912921,0.008707880973815918
6657861.GU.GSCL..HH,0,0.020535363,0.020535362884402275
6657861.IV.MTCR..EH,1,0.9969962,0.0030037760734558105
6658351.IV.ASQU..HH,1,0.99666035,0.0033396482467651367
6658351.IV.BRIS..HH,1,0.9987948,0.0012052059173583984
6658351.IV.LMD..HH,1,0.99861884,0.0013811588287353516
6658351.IV.RUFI..EH,1,0.9953335,0.004666507244110107
6658351.IV.SEI..HH,0,0.0016064453,0.0016064452938735485
6658351.IV.SFI..EH,0,0.003390521,0.0033905210439115763
6662931.IV.CSNT..HH,0,0.004107309,0.00410730903968215
6662931.IV.OSSC..HH,1,0.99449027,0.005509734153747559
6667261.GU.GSCL..HH,1,0.9983479,0.0016521215438842773
6667261.IV.ZCCA..HH,0,0.0021836804,0.002183680422604084
6674651.IV.BDI..HH,0,0.004283416,0.004283416084945202
6674651.GU.CARD..HH,0,0.0016721333,0.0016721333377063274
6674651.IV.CASP..HH,0,0.0023357172,0.0023357172030955553
6674651.GU.EQUI..HH,0,0.0027943396,0.0027943395543843508
6674651.IV.FNVD..HH,1,0.99816245,0.0018375515937805176
6674651.GU.GRAM..HH,0,0.0026243748,0.0026243748143315315
6674651.GU.GSCL..HH,1,0.99625486,0.003745138645172119
6674651.IV.MTCR..EH,0,0.0014247891,0.001424789079464972
6674651.IV.ZCCA..HH,1,0.9951773,0.004822671413421631
6676221.GU.GRAM..HH,0,0.0033208176,0.0033208176027983427
6697501.GU.GRAM..HH,1,0.9965661,0.0034338831901550293
6697501.GU.GSCL..HH,1,0.99819314,0.0018068552017211914
6697501.IV.PLMA..HH,1,0.9959079,0.004092097282409668
6712831.IV.FIU..EH,0,0.003395802,0.0033958021085709333
6716671.GU.GSCL..HH,0,0.005501374,0.005501374136656523
6716671.IV.MTCR..EH,1,0.9918435,0.00815647840499878
6718671.IV.CASP..HH,1,0.9824137,0.01758629083633423
6718671.IV.FNVD..HH,0,0.0104175415,0.010417541489005089
6718671.GU.GRAM..HH,1,0.9978967,0.0021033287048339844
6718671.GU.GSCL..HH,1,0.99640936,0.0035906434059143066
6718671.IV.PLMA..HH,1,0.9971341,0.002865910530090332
6721301.IV.LMD..HH,0,0.004127573,0.004127573221921921
6721301.IV.MTCR..EH,0,0.0016231015,0.001623101532459259
6721301.IV.RUFI..EH,1,0.9970905,0.0029094815254211426
6721301.IV.SFI..EH,0,0.07911283,0.07911282777786255
6723321.IV.CAFI..HH,1,0.99636936,0.0036306381225585938
6723321.IV.CASP..HH,1,0.99434,0.005659997463226318
6723321.IV.CSNT..HH,1,0.99432623,0.005673766136169434
6723321.IV.FROS..HH,1,0.9986777,0.001322329044342041
6723321.IV.TRIF..HH,1,0.99188083,0.008119165897369385
6731811.IV.BRIS..HH,0,0.0026075966,0.0026075965724885464
6731811.IV.FNVD..HH,0,0.0026427673,0.002642767271026969
6746341.IV.CSNT..HH,0,0.024312284,0.024312283843755722
6746341.IV.LMD..HH,1,0.9956494,0.004350602626800537
6746341.IV.OSSC..HH,0,0.0023212004,0.00232120044529438
6755361.IV.CAVE..HH,1,0.9960705,0.003929495811462402
6755361.IV.RAVA..EH,0,0.003714412,0.003714411985129118
6755361.IV.ROVR..HH,0,0.009081244,0.00908124353736639
6755361.IV.SALO..HH,1,0.9719777,0.028022289276123047
6755361.IV.SERM..EH,0,0.0035092367,0.0035092367324978113
6755361.IV.TEOL..HH,0,0.006883236,0.006883236113935709
6755361.IV.ZCCA..HH,0,0.17325573,0.17325572669506073
6771621.GU.GRAM..HH,1,0.997708,0.0022919774055480957
6779681.IV.CSNT..HH,1,0.99092305,0.009076952934265137
6779681.IV.FROS..HH,1,0.8960582,0.10394179821014404
6779681.IV.OSSC..HH,1,0.9909243,0.009075701236724854
6782771.IV.FROS..HH,0,0.0016258701,0.0016258701216429472
6809781.IV.ATMC..EH,0,0.008217595,0.00821759458631277
6809781.IV.BDI..HH,1,0.9983394,0.0016605854034423828
6809781.IV.CAFI..HH,0,0.014001757,0.0140017569065094
6809781.IV.CRMI..HH,1,0.9988668,0.0011332035064697266
6809781.IV.CSNT..HH,0,0.007332837,0.007332837209105492
6809781.IV.FNVD..HH,1,0.8177697,0.18223029375076294
6809781.IV.FROS..HH,0,0.0051460424,0.0051460424438118935
6809781.GU.GSCL..HH,1,0.99753517,0.0024648308753967285
6809781.IV.LMD..HH,1,0.9935667,0.006433308124542236
6809781.IV.MTCR..EH,1,0.99872464,0.0012753605842590332
6809781.IV.OSSC..HH,0,0.0025572975,0.00255729747004807
6809781.IV.SFI..EH,1,0.9966263,0.0033736824989318848
6809781.IV.TOLF..HH,1,0.99534523,0.0046547651290893555
6809781.IV.TRIF..HH,1,0.9956725,0.0043274760246276855
6821371.GU.CARD..HH,1,0.9931028,0.0068972110748291016
6828361.IV.BDI..HH,1,0.9987201,0.0012798905372619629
6828361.GU.CARD..HH,1,0.99757725,0.0024227499961853027
6828361.IV.FNVD..HH,0,0.0015968812,0.0015968811931088567
6828361.IV.MTCR..EH,0,0.0032878313,0.0032878313213586807
6837171.IV.MSSA..HH,1,0.18924962,0.8107503801584244
6837381.GU.GRAM..HH,1,0.9980045,0.0019955039024353027
6837891.GU.GRAM..HH,1,0.99797255,0.002027451992034912
6838531.IV.CAVE..HH,0,0.0069654644,0.006965464446693659
6838531.IV.RAVA..EH,0,0.003825034,0.003825034014880657
6838551.IV.BOB..HH,0,0.0030742767,0.003074276726692915
6838551.ST.GAGG..HH,0,0.003971874,0.0039718737825751305
6838551.SI.LUSI..HH,0,0.0029098117,0.0029098116792738438
6838551.IV.MAGA..HH,0,0.0019317543,0.001931754290126264
6852421.IV.BDI..HH,1,0.9906522,0.009347796440124512
6861601.IV.BDI..HH,0,0.0021314034,0.002131403423845768
6861601.IV.BOB..HH,1,0.9984994,0.0015006065368652344
6861601.GU.CARD..HH,0,0.0022919278,0.0022919278126209974
6861601.GU.EQUI..HH,0,0.0039973552,0.003997355233877897
6861601.GU.GRAM..HH,1,0.99875635,0.0012436509132385254
6861601.GU.GSCL..HH,1,0.9983301,0.0016698837280273438
6861601.IV.MSSA..HH,0,0.0025497251,0.002549725119024515
6861601.IV.MTCR..EH,0,0.0026885965,0.0026885964907705784
6861601.IV.PII..HH,0,0.0022886787,0.0022886786609888077
6861961.IV.CSNT..HH,1,0.99779516,0.0022048354148864746
6861961.IV.FROS..HH,1,0.99873054,0.0012694597244262695
6861961.IV.OSSC..HH,1,0.99749666,0.002503335475921631
6861961.IV.PII..HH,0,0.0106046805,0.010604680515825748
6861961.IV.RUFI..EH,1,0.9984344,0.0015655755996704102
6862611.IV.CSNT..HH,1,0.6116453,0.38835471868515015
6862611.IV.FROS..HH,1,0.99773985,0.002260148525238037
6862611.IV.OSSC..HH,1,0.9974718,0.0025281906127929688
6887411.GU.GRAM..HH,1,0.99563134,0.0043686628341674805
6899381.GU.GSCL..HH,0,0.0057664295,0.0057664294727146626
6899381.IV.SALO..HH,1,0.9969601,0.0030398964881896973
6901161.IV.ARCI..HH,1,0.995712,0.004288017749786377
6901161.IV.ATBU..EH,0,0.004018388,0.004018388222903013
6901161.IV.ATCC..EH,0,0.039593242,0.03959324210882187
6901161.IV.ATFO..HH,0,0.009199933,0.009199933148920536
6901161.IV.ATLO..EH,0,0.0022573338,0.0022573338355869055
6901161.IV.ATMC..EH,1,0.5057184,0.4942815899848938
6901161.IV.ATPC..HH,0,0.0028066477,0.0028066476806998253
6901161.IV.ATPI..EH,0,0.0026431028,0.002643102779984474
6901161.IV.ATVA..EH,1,0.98867893,0.011321067810058594
6901161.IV.ATVO..HH,0,0.0015693039,0.0015693039167672396
6901161.IV.BADI..EH,0,0.0038808915,0.0038808914832770824
6901161.IV.BDI..HH,1,0.99443346,0.005566537380218506
6901161.IV.CAFI..HH,1,0.98826873,0.011731266975402832
6901161.GU.CARD..HH,1,0.9955043,0.004495680332183838
6901161.IV.CASP..HH,1,0.9979744,0.002025604248046875
6901161.IV.CRMI..HH,1,0.9958022,0.0041977763175964355
6901161.IV.CSNT..HH,1,0.9989178,0.0010821819305419922
6901161.GU.EQUI..HH,0,0.0016516383,0.0016516383038833737
6901161.IV.FROS..HH,1,0.99846154,0.0015384554862976074
6901161.GU.MAIM..HH,1,0.99654466,0.00345534086227417
6901161.IV.MCIV..HH,1,0.98669267,0.013307332992553711
6901161.IV.MGAB..HH,0,0.010794396,0.010794395580887794
6901161.IV.MPPT..EH,1,0.9967448,0.003255188465118408
6901161.IV.MURB..HH,0,0.0018790889,0.0018790889298543334
6901161.IV.PE3..EH,1,0.8696187,0.1303812861442566
6901161.IV.PLMA..HH,0,0.0013182353,0.0013182352995499969
6901161.IV.RUFI..EH,1,0.9982384,0.00176161527633667
6902271.IV.APPI..EH,0,0.0029939858,0.002993985777720809
6902271.IV.BOB..HH,1,0.9975447,0.002455294132232666
6902271.OX.CGRP..HH,0,0.0019239966,0.0019239966059103608
6902271.IV.CRE..HH,1,0.99694157,0.0030584335327148438
6902271.IV.CTI..HH,0,0.002674901,0.0026749009266495705
6902271.ST.DOSS..HH,0,0.0014438343,0.001443834276869893
6902271.IV.FNVD..HH,1,0.99011093,0.009889066219329834
6902271.ST.GAGG..HH,0,0.0026308256,0.0026308256201446056
6902271.SI.KOSI..HH,0,0.0011268536,0.0011268536327406764
6902271.SI.LUSI..HH,0,0.0015454429,0.0015454428503289819
6902271.IV.MABI..HH,0,0.0024100787,0.002410078654065728
6902271.GU.MAIM..HH,1,0.99743074,0.002569258213043213
6902271.OX.MARN..HH,0,0.0016537139,0.0016537138726562262
6902271.IV.OPPE..HH,0,0.0025260528,0.002526052761822939
6902271.IV.PII..HH,1,0.9944876,0.005512416362762451
6902271.IV.RAVA..EH,0,0.0018224552,0.0018224552040919662
6902271.IV.ROVR..HH,0,0.0015962495,0.0015962495235726237
6902271.IV.SALO..HH,0,0.005933597,0.005933597218245268
6902271.IV.TEOL..HH,0,0.0028920867,0.002892086748033762
6902271.OX.VARN..HH,0,0.001628898,0.001628897967748344
6902271.IV.ZCCA..HH,0,0.012671672,0.01267167180776596
6913001.IV.MSSA..HH,0,0.018050434,0.018050434067845345
6916061.IV.ASQU..HH,1,0.99885464,0.0011453628540039062
6916061.IV.LMD..HH,1,0.99658126,0.00341874361038208
6916061.IV.MTCR..EH,1,0.99786335,0.0021366477012634277
6916061.IV.RUFI..EH,1,0.9964752,0.0035247802734375
6916061.IV.SEI..HH,1,0.9976851,0.002314925193786621
6916141.IV.ASQU..HH,1,0.9986693,0.0013306736946105957
6916141.IV.BRIS..HH,1,0.990332,0.00966799259185791
6916141.IV.FNVD..HH,0,0.054348163,0.054348163306713104
6916141.IV.LMD..HH,1,0.99655974,0.003440260887145996
6916141.IV.MPPT..EH,1,0.9963042,0.0036957859992980957
6916141.IV.MTCR..EH,1,0.99854577,0.0014542341232299805
6916141.IV.RUFI..EH,1,0.9988457,0.0011543035507202148
6916141.IV.SEI..HH,1,0.99789363,0.0021063685417175293
6920141.IV.LMD..HH,1,0.99321765,0.006782352924346924
6920141.IV.RUFI..EH,0,0.0013234138,0.0013234138023108244
6920141.IV.SEI..HH,1,0.9983106,0.0016893744468688965
6924411.IV.ASQU..HH,0,0.009218115,0.009218115359544754
6929221.GU.GRAM..HH,1,0.9984631,0.0015369057655334473
6929221.GU.GSCL..HH,0,0.004614559,0.004614559002220631
6932461.IV.MTCR..EH,0,0.005492821,0.005492820870131254
6935361.GU.GRAM..HH,1,0.99849516,0.0015048384666442871
6941261.GU.GRAM..HH,1,0.99534225,0.004657745361328125
6943801.IV.ARCI..HH,1,0.9956057,0.0043942928314208984
6943801.IV.MCIV..HH,1,0.9946329,0.005367100238800049
6946631.IV.BDI..HH,0,0.0068210014,0.006821001414209604
6946631.GU.CANO..HH,0,0.024280587,0.02428058721125126
6946631.GU.GRAM..HH,1,0.99690306,0.003096938133239746
6946631.GU.GSCL..HH,0,0.0054536285,0.005453628487884998
6946631.SI.LUSI..HH,0,0.009404013,0.009404012933373451
6956041.IV.ASQU..HH,1,0.99730664,0.002693355083465576
6956041.IV.LMD..HH,0,0.19790816,0.1979081630706787
6956041.IV.RUFI..EH,1,0.9942946,0.005705416202545166
6960781.GU.EQUI..HH,1,0.99042124,0.00957876443862915
6960781.GU.MAIM..HH,0,0.012028317,0.012028316967189312
6967851.IV.BRIS..HH,0,0.14799407,0.14799407124519348
6967851.IV.FNVD..HH,1,0.99781847,0.002181529998779297
6967851.IV.IMOL..EH,0,0.01940222,0.019402220845222473
6967851.IV.LMD..HH,1,0.96924424,0.03075575828552246
6967851.IV.MTCR..EH,1,0.99741334,0.002586662769317627
6967851.IV.MTRZ..HH,0,0.0024806303,0.002480630297213793
6967851.IV.SEI..HH,0,0.0034656825,0.003465682500973344
6967851.IV.ZCCA..HH,1,0.9981034,0.0018966197967529297
6969001.IV.ASQU..HH,1,0.9972189,0.002781093120574951
6969981.IV.ASQU..HH,1,0.9887271,0.011272907257080078
6971401.IV.MTCR..EH,1,0.99817693,0.0018230676651000977
6971401.IV.SEI..HH,1,0.99714017,0.002859830856323242
6971841.IV.ASQU..HH,1,0.99781024,0.0021897554397583008
6971841.IV.LMD..HH,1,0.99608684,0.003913164138793945
6971841.IV.MPPT..EH,1,0.99755764,0.0024423599243164062
6971841.IV.MTCR..EH,1,0.9895215,0.010478496551513672
6971841.IV.RUFI..EH,1,0.99053967,0.00946033000946045
6971841.IV.SEI..HH,1,0.94979286,0.05020713806152344
6972081.GU.EQUI..HH,1,0.9933903,0.006609678268432617
6972081.GU.GRAM..HH,1,0.9935706,0.0064293742179870605
6972081.MN.VLC..HH,0,0.0027641368,0.002764136763289571
6993971.IV.ASQU..HH,1,0.9982025,0.001797497272491455
6993971.IV.MTCR..EH,1,0.9980349,0.0019651055335998535
6993971.IV.RUFI..EH,1,0.99855435,0.0014456510543823242
6994271.GU.GRAM..HH,1,0.9973692,0.002630770206451416
6994271.IV.PII..HH,1,0.9531461,0.04685389995574951
6994271.IV.PLMA..HH,1,0.9963234,0.00367659330368042
6994271.GU.POPM..HH,1,0.9697491,0.030250906944274902
6997251.GU.MAIM..HH,1,0.9975395,0.002460479736328125
6997251.GU.POPM..HH,1,0.9953723,0.004627704620361328
7024661.IV.ZCCA..HH,0,0.0023167876,0.0023167876061052084
7024751.IV.ZCCA..HH,0,0.00463593,0.004635930061340332
7025181.IV.FNVD..HH,0,0.009941153,0.009941153228282928
7025211.IV.FNVD..HH,0,0.005537086,0.005537086166441441
7025211.IV.ZCCA..HH,0,0.002583929,0.002583929104730487
7025441.IV.ZCCA..HH,0,0.0027446514,0.002744651399552822
7026021.IV.FNVD..HH,1,0.9766808,0.02331918478012085
7026021.IV.ZCCA..HH,0,0.012655468,0.012655467726290226
7026361.IV.ZCCA..HH,1,0.9987902,0.0012097954750061035
7049661.GU.MAIM..HH,1,0.99779195,0.0022080540657043457
7049661.GU.POPM..HH,1,0.99899435,0.0010056495666503906
7071131.IV.BOB..HH,1,0.33456528,0.665434718132019
7071131.GU.EQUI..HH,1,0.99631464,0.0036853551864624023
7071131.GU.GRAM..HH,0,0.001713917,0.001713917008601129
7071131.IV.PLMA..HH,1,0.9568826,0.043117403984069824
738801.IV.BDI..HH,1,0.99890316,0.0010968446731567383
738801.MN.VLC..HH,1,0.9977598,0.0022401809692382812
7517121.IV.FROS..HH,1,0.9905439,0.009456098079681396
7588601.GU.GORR..HH,1,0.9988014,0.00119858980178833
7588601.GU.GRAM..HH,0,0.001227214,0.0012272140011191368
7588601.IV.MSSA..HH,1,0.99832034,0.0016796588897705078
7588601.IV.PLMA..HH,0,0.019187225,0.01918722502887249
7588601.MN.VLC..HH,0,0.0014515416,0.0014515415532514453
769851.IV.MABI..HH,0,0.0029836006,0.0029836005996912718
769851.IV.ROVR..HH,0,0.0070029534,0.007002953439950943
769851.IV.ZCCA..HH,1,0.99806184,0.001938164234161377
769921.IV.ERBM..EH,1,0.99844503,0.0015549659729003906
771781.IV.RAVA..EH,0,0.011724008,0.011724008247256279
772141.NI.AGOR..HH,0,0.009121227,0.009121227078139782
772141.IV.APPI..EH,0,0.003792652,0.003792651928961277
772141.IV.ATCA..HH,1,0.9442261,0.055773913860321045
772141.IV.BRMO..HH,0,0.022491612,0.022491611540317535
772141.NI.CGRP..HH,0,0.0023274082,0.0023274081759154797
772141.IV.CSNT..HH,1,0.9982137,0.0017862915992736816
772141.IV.ERBM..EH,1,0.9732796,0.026720404624938965
772141.IV.FNVD..HH,1,0.975475,0.024524986743927002
772141.IV.IMOL..EH,1,0.9934114,0.006588578224182129
772141.SI.KOSI..HH,0,0.002381503,0.002381503116339445
772141.IV.MABI..HH,0,0.004196226,0.004196226131170988
772141.GU.MAIM..HH,1,0.99788326,0.0021167397499084473
772141.IV.PARC..HH,1,0.99318504,0.0068149566650390625
772141.IV.PESA..HH,1,0.9914323,0.0085676908493042
772141.IV.PRMA..HH,1,0.6917814,0.3082185983657837
772141.IV.RAVA..EH,0,0.0038973284,0.003897328395396471
772141.IV.ROVR..HH,0,0.0026270747,0.002627074718475342
772141.IV.SALO..HH,0,0.009988044,0.009988044388592243
772141.IV.SERM..EH,0,0.0031933119,0.003193311858922243
772141.IV.SFI..EH,1,0.9944714,0.005528628826141357
772141.IV.SSP9..EH,1,0.9775282,0.02247178554534912
772141.IV.TEOL..HH,0,0.0017313838,0.0017313838470727205
772141.MN.VLC..HH,0,0.002429111,0.0024291109293699265
772201.IV.RAVA..EH,0,0.003331559,0.0033315590117126703
772201.IV.TEOL..HH,0,0.0061489083,0.006148908287286758
772691.IV.APPI..EH,0,0.0014906824,0.0014906823635101318
772691.IV.ARVD..HH,1,0.9954281,0.0045719146728515625
772691.IV.ATMI..HH,1,0.99250937,0.007490634918212891
772691.IV.ATPC..HH,1,0.9933985,0.006601512432098389
772691.IV.ATVO..HH,1,0.99608177,0.0039182305335998535
772691.SI.BOSI..HH,0,0.003175687,0.0031756870448589325
772691.IV.BRMO..HH,0,0.0025220625,0.002522062510251999
772691.NI.CGRP..HH,0,0.0014802298,0.0014802297810092568
772691.IV.CTI..HH,0,0.0020257065,0.002025706460699439
772691.IV.FIU..EH,0,0.006919611,0.006919610779732466
772691.IV.FNVD..HH,0,0.012021314,0.012021314352750778
772691.IV.FSSB..HH,1,0.99533504,0.004664957523345947
772691.SI.KOSI..HH,0,0.0017588473,0.001758847269229591
772691.IV.MABI..HH,0,0.0046940907,0.004694090690463781
772691.IV.MAGA..HH,0,0.06290785,0.06290785223245621
772691.SI.MOSI..HH,0,0.0014287179,0.0014287178637459874
772691.IV.MSSA..HH,1,0.9860037,0.013996303081512451
772691.IV.NARO..HH,1,0.9948424,0.005157589912414551
772691.IV.PESA..HH,1,0.99579483,0.004205167293548584
772691.IV.PIEI..HH,1,0.99039334,0.009606659412384033
772691.IV.PLMA..HH,1,0.95909196,0.04090803861618042
772691.IV.PRMA..HH,1,0.9686181,0.03138190507888794
772691.SI.RISI..HH,0,0.00229366,0.0022936600726097822
772691.IV.ROVR..HH,0,0.0017705122,0.0017705122008919716
772691.IV.SALO..HH,0,0.0022787408,0.0022787407506257296
772691.IV.SBPO..HH,0,0.012960404,0.01296040415763855
772691.IV.SSFR..HH,1,0.99554574,0.004454255104064941
772691.IV.TEOL..HH,0,0.0014421482,0.0014421482337638736
772691.IV.ZCCA..HH,0,0.029537056,0.029537055641412735
773151.IV.RAVA..EH,0,0.0047726054,0.004772605374455452
773261.IV.RAVA..EH,0,0.0020631854,0.002063185442239046
773541.NI.CGRP..HH,0,0.003115876,0.0031158761121332645
773541.IV.FIU..EH,1,0.99747586,0.002524137496948242
773541.IV.RAVA..EH,0,0.0036887326,0.0036887326277792454
773541.IV.TEOL..HH,0,0.0022938326,0.0022938326001167297
773591.IV.RAVA..EH,0,0.0031358853,0.0031358853448182344
773691.IV.RAVA..EH,0,0.0028765874,0.0028765874449163675
773761.IV.RAVA..EH,1,0.9925208,0.007479190826416016
773761.IV.TEOL..HH,1,0.9980039,0.0019960999488830566
773901.IV.RAVA..EH,0,0.0040824497,0.004082449711859226
773941.IV.RAVA..EH,0,0.0029850323,0.0029850322753190994
774071.NI.AGOR..HH,0,0.00091314956,0.0009131495608016849
774071.IV.APPI..EH,0,0.00077745825,0.0007774582481943071
774071.IV.ASQU..HH,1,0.98677194,0.013228058815002441
774071.IV.ATBU..EH,1,0.99679625,0.003203749656677246
774071.IV.ATCA..HH,1,0.9929497,0.007050275802612305
774071.IV.ATPC..HH,1,0.99403,0.005970001220703125
774071.IV.ATPI..EH,1,0.99590814,0.004091858863830566
774071.IV.ATVA..EH,1,0.9953269,0.004673123359680176
774071.IV.ATVO..HH,1,0.995717,0.004283010959625244
774071.SI.BOSI..HH,0,0.001936821,0.0019368210341781378
774071.IV.BRIS..HH,1,0.99271554,0.0072844624519348145
774071.IV.BRMO..HH,0,0.0018344257,0.0018344257259741426
774071.IV.CAFI..HH,1,0.99427634,0.0057236552238464355
774071.NI.CGRP..HH,0,0.0010447481,0.001044748118147254
774071.IV.CSNT..HH,1,0.99520355,0.004796445369720459
774071.IV.CTI..HH,0,0.0026971817,0.0026971816550940275
774071.IV.FNVD..HH,1,0.9958144,0.004185616970062256
774071.IV.FRON..EH,1,0.99756867,0.002431333065032959
774071.IV.FSSB..HH,1,0.9966471,0.0033528804779052734
774071.SI.KOSI..HH,0,0.0008916491,0.0008916491060517728
774071.IV.MABI..HH,0,0.0024096374,0.002409637439996004
774071.IV.MAGA..HH,0,0.0011254728,0.0011254728306084871
774071.GU.MAIM..HH,1,0.98718506,0.012814939022064209
774071.IV.MPAG..EH,1,0.99795717,0.002042829990386963
774071.IV.MURB..HH,1,0.99702424,0.002975761890411377
774071.IV.NARO..HH,1,0.99571043,0.004289567470550537
774071.IV.PARC..HH,1,0.99514705,0.004852950572967529
774071.IV.PESA..HH,1,0.9964545,0.003545522689819336
774071.IV.PIEI..HH,1,0.9968023,0.0031977295875549316
774071.IV.PLMA..HH,1,0.98948663,0.010513365268707275
774071.NI.POLC..HH,0,0.0014867993,0.0014867993304505944
774071.GU.POPM..HH,1,0.9964508,0.00354921817779541
774071.IV.RAVA..EH,0,0.004689152,0.0046891518868505955
774071.IV.ROVR..HH,0,0.0010214663,0.0010214663343504071
774071.IV.SALO..HH,0,0.0013591873,0.0013591872993856668
774071.IV.SBPO..HH,0,0.0017308786,0.0017308786045759916
774071.IV.TEOL..HH,0,0.0017824117,0.0017824117094278336
774071.MN.VLC..HH,1,0.99304944,0.006950557231903076
774071.IV.ZCCA..HH,0,0.581516,0.5815160274505615
774181.IV.RAVA..EH,0,0.004789477,0.004789477214217186
774181.IV.SERM..EH,0,0.0039176047,0.003917604684829712
774231.IV.RAVA..EH,0,0.018090012,0.018090011551976204
774531.IV.NOVE..EH,1,0.99285334,0.007146656513214111
774591.IV.RAVA..EH,0,0.0037119354,0.0037119353655725718
774611.IV.FIU..EH,0,0.002633592,0.002633592113852501
774611.IV.RAVA..EH,0,0.0043892325,0.004389232490211725
774711.IV.CSNT..HH,1,0.99833107,0.0016689300537109375
774711.IV.FIU..EH,0,0.025399473,0.025399472564458847
774711.IV.MABI..HH,0,0.0061840108,0.00618401076644659
774711.IV.RAVA..EH,0,0.003875334,0.0038753340486437082
774711.IV.ZCCA..HH,1,0.9945091,0.005490899085998535
774951.IV.RAVA..EH,0,0.0023872352,0.0023872351739555597
775471.IV.FIU..EH,1,0.9971762,0.0028238296508789062
775571.IV.RAVA..EH,0,0.0018600763,0.0018600763287395239
775951.IV.RAVA..EH,0,0.0019966187,0.0019966186955571175
776201.IV.RAVA..EH,0,0.003008568,0.003008567960932851
776431.IV.FIU..EH,0,0.0010830733,0.001083073322661221
776431.IV.RAVA..EH,0,0.0012055006,0.0012055005645379424
776601.IV.RAVA..EH,0,0.007196189,0.0071961889043450356
776661.IV.RAVA..EH,0,0.006456561,0.006456560920923948
776861.IV.RAVA..EH,0,0.008458251,0.008458251133561134
777031.IV.RAVA..EH,0,0.0015347215,0.0015347214648500085
777051.IV.RAVA..EH,0,0.078036025,0.07803602516651154
777151.IV.RAVA..EH,0,0.00404595,0.004045949783176184
777291.IV.RAVA..EH,0,0.0038123366,0.0038123365957289934
777361.IV.RAVA..EH,0,0.0031275654,0.003127565374597907
777531.IV.RAVA..EH,0,0.0030264005,0.0030264004599303007
777601.IV.FIU..EH,0,0.005562471,0.005562471225857735
777601.IV.RAVA..EH,1,0.9985267,0.0014733076095581055
777731.IV.RAVA..EH,0,0.005699432,0.005699431989341974
777801.IV.FIU..EH,0,0.00287541,0.00287541002035141
777801.IV.TEOL..HH,0,0.0023138358,0.0023138357792049646
777801.IV.ZCCA..HH,1,0.9978777,0.0021222829818725586
777891.GU.MAIM..HH,1,0.9908647,0.009135305881500244
777891.IV.RAVA..EH,0,0.0013588732,0.0013588732108473778
777891.IV.ZCCA..HH,1,0.99749243,0.0025075674057006836
777961.IV.RAVA..EH,0,0.0015168079,0.001516807940788567
778021.IV.RAVA..EH,0,0.0007674507,0.0007674507214687765
778161.NI.CGRP..HH,1,0.9976013,0.0023987293243408203
778161.IV.MAGA..HH,1,0.9889455,0.011054515838623047
778161.GU.MAIM..HH,0,0.00934766,0.009347659535706043
778161.IV.RAVA..EH,0,0.0026259543,0.0026259543374180794
778161.IV.ZCCA..HH,0,0.00797558,0.007975580170750618
778181.IV.RAVA..EH,0,0.021201415,0.021201414987444878
778181.IV.TEOL..HH,0,0.006904999,0.006904998794198036
778311.IV.RAVA..EH,0,0.0019512678,0.001951267826370895
778561.IV.RAVA..EH,0,0.013558163,0.013558163307607174
778671.IV.RAVA..EH,0,0.0023810861,0.002381086116656661
778811.IV.FIU..EH,0,0.041894294,0.04189429432153702
778811.IV.RAVA..EH,0,0.0029979341,0.0029979341197758913
778811.IV.ZCCA..HH,0,0.011398231,0.01139823067933321
778971.IV.FIU..EH,1,0.9981271,0.0018728971481323242
779061.IV.RAVA..EH,0,0.0029011597,0.002901159692555666
779101.IV.RAVA..EH,0,0.008215756,0.00821575615555048
779231.IV.RAVA..EH,0,0.0021841563,0.0021841563284397125
779341.IV.RAVA..EH,0,0.0060307295,0.006030729506164789
779371.IV.RAVA..EH,0,0.0031231379,0.003123137867078185
779441.IV.RAVA..EH,0,0.0028540292,0.002854029182344675
779531.IV.RAVA..EH,0,0.0069953804,0.006995380390435457
779591.IV.RAVA..EH,0,0.0052222875,0.005222287494689226
779681.IV.RAVA..EH,0,0.0021551976,0.002155197551473975
779731.IV.FIU..EH,1,0.9983449,0.0016551017761230469
779791.IV.MABI..HH,0,0.012473644,0.012473643757402897
779791.IV.MTRZ..HH,1,0.99689156,0.0031084418296813965
779791.IV.RAVA..EH,0,0.002553345,0.002553344937041402
779791.IV.ROVR..HH,0,0.025929336,0.02592933550477028
779791.IV.TEOL..HH,0,0.004575378,0.00457537779584527
779821.IV.RAVA..EH,0,0.001067249,0.0010672489879652858
779851.IV.FIU..EH,0,0.0034998213,0.0034998212940990925
779911.IV.RAVA..EH,0,0.0012215641,0.001221564132720232
779991.IV.CSNT..HH,1,0.9969315,0.0030685067176818848
779991.IV.FNVD..HH,1,0.98981804,0.010181963443756104
779991.IV.PARC..HH,1,0.7812678,0.21873217821121216
779991.IV.PLMA..HH,1,0.99551356,0.004486441612243652
779991.IV.PRMA..HH,1,0.9437951,0.056204915046691895
779991.IV.RAVA..EH,0,0.0050518885,0.005051888525485992
779991.IV.SERM..EH,0,0.08794531,0.08794531226158142
779991.IV.TEOL..HH,0,0.0062814024,0.006281402427703142
780051.IV.RAVA..EH,0,0.0036489519,0.003648951882496476
780191.IV.RAVA..EH,0,0.020722378,0.02072237804532051
780221.SI.MOSI..HH,0,0.11802081,0.11802081018686295
780221.IV.RAVA..EH,0,0.003993274,0.003993274178355932
780221.IV.TEOL..HH,0,0.0042698113,0.004269811324775219
780221.IV.ZCCA..HH,1,0.9957536,0.004246413707733154
780411.NI.CGRP..HH,1,0.99665505,0.0033449530601501465
780411.SI.KOSI..HH,1,0.9977028,0.00229722261428833
780411.IV.MABI..HH,1,0.99265933,0.007340669631958008
780411.SI.MOSI..HH,0,0.010589841,0.010589840821921825
780411.IV.MSSA..HH,1,0.97031254,0.029687464237213135
780411.IV.RAVA..EH,0,0.011397978,0.01139797829091549
780411.IV.SERM..EH,0,0.01187955,0.01187955029308796
780411.IV.TEOL..HH,0,0.008380173,0.008380172774195671
780591.IV.RAVA..EH,0,0.002108003,0.0021080030128359795
780681.IV.FIU..EH,0,0.0043333448,0.004333344753831625
780771.IV.RAVA..EH,0,0.009772939,0.009772938676178455
780801.IV.APPI..EH,0,0.0049924995,0.004992499481886625
780801.NI.CGRP..HH,0,0.00607951,0.006079509854316711
780801.IV.CRMI..HH,1,0.99269724,0.007302761077880859
780801.IV.ERBM..EH,1,0.99077314,0.009226858615875244
780801.SI.KOSI..HH,0,0.002536787,0.0025367869529873133
780801.IV.MABI..HH,0,0.007451377,0.007451376877725124
780801.IV.MSSA..HH,0,0.007272331,0.007272331044077873
780801.IV.RAVA..EH,0,0.005582582,0.005582582205533981
780801.IV.ROVR..HH,0,0.0019585954,0.0019585953559726477
780801.IV.SFI..EH,0,0.0037752376,0.0037752375937998295
780801.IV.TEOL..HH,0,0.0058998186,0.005899818614125252
780801.IV.ZCCA..HH,1,0.9974108,0.0025892257690429688
780851.IV.CRMI..HH,1,0.99384403,0.006155967712402344
780851.IV.FIU..EH,0,0.0019672373,0.0019672373309731483
780851.IV.ZCCA..HH,1,0.9967031,0.0032969117164611816
780961.IV.RAVA..EH,0,0.0138895605,0.013889560475945473
781021.IV.RAVA..EH,0,0.003802998,0.0038029979914426804
781061.IV.FIU..EH,1,0.99334663,0.0066533684730529785
781061.IV.RAVA..EH,0,0.0019330584,0.0019330583745613694
781271.IV.RAVA..EH,0,0.03174274,0.03174274042248726
781531.IV.RAVA..EH,0,0.004561136,0.00456113601103425
781551.IV.RAVA..EH,0,0.00360851,0.00360850989818573
781611.NI.CGRP..HH,0,0.0036250993,0.003625099314376712
781611.IV.FIU..EH,0,0.0022125158,0.002212515799328685
781611.IV.FNVD..HH,0,0.081072554,0.08107255399227142
781611.IV.MTRZ..HH,0,0.12467486,0.12467485666275024
781611.IV.RAVA..EH,1,0.9943348,0.005665183067321777
781611.IV.ROVR..HH,0,0.0021541591,0.002154159126803279
781611.IV.SERM..EH,0,0.0030304245,0.0030304244719445705
781611.IV.TEOL..HH,0,0.004771861,0.004771860782057047
781611.IV.ZCCA..HH,0,0.006515196,0.006515196058899164
781731.IV.RAVA..EH,0,0.0050626257,0.005062625743448734
781851.IV.FIU..EH,0,0.002564059,0.002564059104770422
781961.IV.CSNT..HH,1,0.9979366,0.0020633935928344727
781961.SI.KOSI..HH,0,0.0016694949,0.0016694949008524418
781961.IV.MABI..HH,0,0.007273963,0.007273963186889887
781961.IV.NOVE..EH,1,0.13801874,0.8619812577962875
781961.IV.RAVA..EH,0,0.0069090575,0.0069090574979782104
781961.IV.ROVR..HH,0,0.0018141649,0.0018141649197787046
781961.IV.SERM..EH,0,0.0019253846,0.0019253846257925034
781961.IV.TEOL..HH,0,0.002032392,0.0020323919598013163
781961.IV.ZCCA..HH,1,0.9985003,0.0014997124671936035
782081.IV.CSNT..HH,1,0.995402,0.004598021507263184
782081.IV.FIU..EH,0,0.0023116441,0.0023116441443562508
782081.SI.KOSI..HH,0,0.004202246,0.0042022462002933025
782081.IV.ROVR..HH,0,0.004616053,0.004616052843630314
784951.IV.SALO..HH,1,0.97159755,0.02840244770050049
785651.IV.MAGA..HH,0,0.0440778,0.0440777987241745
7891081.GU.EQUI..HH,1,0.91001004,0.08998996019363403
7891081.IV.MSSA..HH,0,0.021483002,0.021483002230525017
7923481.IV.ZCCA..HH,1,0.9959232,0.004076778888702393
795021.IV.FIU..EH,1,0.99494296,0.005057036876678467
795021.IV.SERM..EH,0,0.014823645,0.01482364535331726
798051.IV.MAGA..HH,1,0.047508407,0.9524915926158428
800191.IV.NOVE..EH,1,0.9937651,0.006234884262084961
800191.IV.RAVA..EH,0,0.0022543953,0.00225439528003335
8007061.IV.BDI..HH,1,0.99620646,0.0037935376167297363
8007061.GU.CARD..HH,1,0.9959355,0.004064500331878662
8007061.IV.MTCR..EH,0,0.046492293,0.04649229347705841
8007061.MN.VLC..HH,1,0.9979258,0.0020741820335388184
8272531.GU.GRAM..HH,0,0.002818553,0.0028185530100017786
8272531.IV.PRMA..HH,1,0.98524594,0.014754056930541992
8287161.IV.FROS..HH,1,0.47391558,0.5260844230651855
8356151.GU.CARD..HH,1,0.9980622,0.0019378066062927246
8356151.GU.POPM..HH,1,0.99677205,0.0032279491424560547
839981.IV.RAVA..EH,0,0.0015567851,0.0015567850787192583
8442861.IV.BDI..HH,1,0.997984,0.002016007900238037
845801.IV.RAVA..EH,0,0.0010405986,0.0010405986104160547
852121.IV.RAVA..EH,0,0.0012669697,0.0012669697171077132
853781.NI.CGRP..HH,1,0.9973109,0.0026891231536865234
853781.IV.NOVE..EH,0,0.0036876881,0.003687688149511814
855091.IV.RAVA..EH,0,0.0067457124,0.006745712365955114
8626611.IV.CSNT..HH,1,0.9984815,0.0015184879302978516
8626611.IV.FROS..HH,1,0.97921985,0.02078014612197876
8626611.IV.MAON..HH,1,0.9957775,0.004222512245178223
8650351.IV.ARCI..HH,0,0.0032974384,0.0032974383793771267
8650351.IV.ATMC..EH,0,0.04363248,0.04363248124718666
8650351.IV.BADI..EH,0,0.013903876,0.013903875835239887
8650351.IV.BDI..HH,0,0.0019799222,0.001979922177270055
8650351.IV.BRIS..HH,1,0.99443704,0.005562961101531982
8650351.IV.CAFI..HH,0,0.006615208,0.006615207996219397
8650351.GU.CARD..HH,0,0.006099791,0.006099790800362825
8650351.IV.CASP..HH,1,0.33646473,0.6635352671146393
8650351.IV.CRE..HH,0,0.009857239,0.009857239201664925
8650351.IV.CRMI..HH,1,0.99789333,0.0021066665649414062
8650351.IV.CSNT..HH,0,0.0019105233,0.0019105232786387205
8650351.GU.EQUI..HH,0,0.011506206,0.01150620635598898
8650351.IV.FIR..HH,1,0.9923645,0.00763547420501709
8650351.IV.FNVD..HH,1,0.9839466,0.016053378582000732
8650351.IV.FROS..HH,0,0.001658092,0.0016580920200794935
8650351.GU.GSCL..HH,0,0.0032500222,0.0032500221859663725
8650351.IV.LMD..HH,1,0.9973447,0.002655327320098877
8650351.GU.MAIM..HH,0,0.0022804206,0.0022804206237196922
8650351.IV.MCIV..HH,0,0.0063839727,0.006383972708135843
8650351.IV.MPPT..EH,1,0.9981798,0.001820206642150879
8650351.IV.MTCR..EH,1,0.9984176,0.0015823841094970703
8650351.IV.MTRZ..HH,1,0.9171214,0.08287858963012695
8650351.IV.PII..HH,0,0.012096533,0.012096532620489597
8650351.IV.PLMA..HH,0,0.0050841453,0.005084145348519087
8650351.IV.RUFI..EH,1,0.9982482,0.0017517805099487305
8650351.IV.SFI..EH,1,0.99676144,0.0032385587692260742
8650351.IV.SSP9..EH,0,0.007469476,0.007469476200640202
8650351.IV.TRIF..HH,1,0.99836266,0.0016373395919799805
8650351.MN.VLC..HH,0,0.0032338644,0.003233864437788725
866441.NI.CGRP..HH,1,0.9947349,0.0052651166915893555
866681.IV.T0822..EH,0,0.0017328119,0.0017328119138255715
871861.IV.RAVA..EH,0,0.004108868,0.004108868073672056
872451.IV.RAVA..EH,0,0.0026933253,0.0026933252811431885
872451.IV.T0800..HH,1,0.9933104,0.006689608097076416
876501.IV.ROVR..HH,0,0.103036106,0.10303610563278198
876501.IV.SALO..HH,1,0.986716,0.013284027576446533
876501.IV.T0800..HH,0,0.008311038,0.00831103790551424
877981.IV.SERM..EH,1,0.9716268,0.02837318181991577
878841.IV.RAVA..EH,0,0.0016267728,0.0016267728060483932
880321.IV.T0819..EH,1,0.98519963,0.01480036973953247
881241.IV.T0800..HH,0,0.0023964061,0.002396406140178442
883041.IV.T0800..HH,1,0.9921934,0.007806599140167236
883081.IV.RAVA..EH,0,0.0041575483,0.004157548304647207
885091.IV.T0820..EH,0,0.016710695,0.016710694879293442
885091.IV.TEOL..HH,0,0.0023385568,0.002338556805625558
885571.GU.FINB..HH,1,0.99497384,0.0050261616706848145
885571.SI.KOSI..HH,0,0.00322238,0.0032223800662904978
885571.IV.MABI..HH,0,0.006045671,0.006045671179890633
885571.IV.RAVA..EH,0,0.0036459316,0.003645931603386998
885571.IV.T0822..EH,0,0.0069493577,0.0069493576884269714
885781.IV.RAVA..EH,0,0.002295783,0.002295783022418618
887951.IV.FIU..EH,0,0.0022847652,0.0022847652435302734
887951.IV.RAVA..EH,0,0.0013389118,0.0013389118248596787
887951.IV.T0822..EH,1,0.9944191,0.005580902099609375
888661.IV.RAVA..EH,0,0.0053482,0.005348199978470802
890021.IV.RAVA..EH,0,0.0031244894,0.003124489448964596
8911281.GU.EQUI..HH,1,0.9986871,0.0013129115104675293
8911281.SI.LUSI..HH,1,0.99737674,0.002623260021209717
8911281.IV.PLMA..HH,1,0.99806255,0.0019374489784240723
8911281.IV.PRMA..HH,0,0.0036831154,0.003683115355670452
8911281.GU.RNCA..HH,0,0.0031207192,0.0031207192223519087
8911281.IV.SALO..HH,1,0.99594605,0.004053950309753418
895511.NI.CGRP..HH,0,0.0070385593,0.007038559298962355
896491.IV.RAVA..EH,0,0.0011330405,0.0011330405250191689
896491.IV.T0800..HH,1,0.9962515,0.003748476505279541
896491.IV.T0822..EH,1,0.9846531,0.015346884727478027
896801.IV.T0800..HH,1,0.99325454,0.006745457649230957
896801.IV.T0825..EH,0,0.0023171569,0.0023171568755060434
899641.IV.RAVA..EH,0,0.005428416,0.005428416188806295
899641.IV.T0800..HH,1,0.9919029,0.00809711217880249
899691.IV.T0822..EH,1,0.9917203,0.008279681205749512
899741.IV.NOVE..EH,0,0.01119387,0.011193869635462761
899741.IV.T0800..HH,0,0.0029781389,0.0029781388584524393
9042791.IV.BDI..HH,0,0.0026761529,0.0026761528570204973
9042791.IV.CAFI..HH,0,0.012600649,0.012600649148225784
9042791.GU.CARD..HH,0,0.0015606538,0.001560653792694211
9042791.IV.CRMI..HH,1,0.9989977,0.0010023117065429688
9042791.IV.CSNT..HH,0,0.012158053,0.012158052995800972
9042791.IV.FNVD..HH,1,0.9976915,0.002308487892150879
9042791.IV.FROS..HH,0,0.0016929938,0.0016929937992244959
9042791.GU.MAIM..HH,0,0.0029057027,0.0029057026840746403
9042791.IV.MPPT..EH,1,0.9980931,0.0019068717956542969
9042791.IV.PII..HH,0,0.00362136,0.0036213600542396307
9042791.IV.RUFI..EH,1,0.99858576,0.0014142394065856934
9042791.MN.VLC..HH,0,0.002098231,0.0020982311107218266
904401.IV.RAVA..EH,0,0.004949848,0.0049498481675982475
905741.IV.RAVA..EH,0,0.0011377166,0.0011377165792509913
906861.IV.T0819..EH,1,0.99882853,0.0011714696884155273
907501.IV.RAVA..EH,0,0.0018782307,0.0018782307161018252
907991.IV.FROS..HH,0,0.016964685,0.016964685171842575
908141.IV.RAVA..EH,0,0.0015357127,0.0015357127413153648
908711.IV.NOVE..EH,0,0.0018365226,0.0018365225987508893
908861.IV.T0825..EH,0,0.022908187,0.02290818654000759
909481.IV.NOVE..EH,1,0.98912567,0.010874330997467041
909481.IV.RAVA..EH,1,0.9722455,0.027754485607147217
909481.IV.SBPO..HH,1,0.992269,0.007731020450592041
909481.IV.T0800..HH,1,0.975554,0.02444601058959961
9112401.ST.GAGG..HH,0,0.004022799,0.004022798966616392
9112401.SI.LUSI..HH,0,0.0033820905,0.0033820904791355133
9112401.IV.PRMA..HH,1,0.9987275,0.0012724995613098145
911541.IV.T0800..HH,1,0.9834167,0.01658332347869873
914301.IV.T0825..EH,0,0.013668987,0.013668986968696117
914961.IV.RAVA..EH,0,0.001453777,0.001453776960261166
919211.IV.NOVE..EH,1,0.9959742,0.004025816917419434
919211.IV.RAVA..EH,0,0.009014157,0.009014156647026539
9197311.IV.CRMI..HH,1,0.99632025,0.0036797523498535156
9197311.IV.FROS..HH,0,0.03584423,0.03584422916173935
9197311.IV.MPPT..EH,1,0.99591553,0.004084467887878418
9197311.IV.PII..HH,0,0.007493791,0.0074937911704182625
9197311.IV.RUFI..EH,1,0.99727124,0.002728760242462158
924041.IV.T0822..EH,1,0.9954797,0.004520297050476074
925351.IV.ROVR..HH,1,0.99593145,0.004068553447723389
9257461.IV.CSNT..HH,0,0.003131369,0.0031313688959926367
9257461.IV.FROS..HH,1,0.9912511,0.008748888969421387
9257461.GU.MAIM..HH,0,0.0016817695,0.0016817694995552301
9257461.IV.PII..HH,0,0.007541115,0.007541114930063486
9257461.IV.RUFI..EH,1,0.9968056,0.0031943917274475098
926191.IV.T0822..EH,1,0.99378365,0.0062163472175598145
929581.IV.T0822..EH,0,0.016392773,0.016392773017287254
932961.IV.T0822..EH,1,0.99669254,0.0033074617385864258
934881.IV.FIU..EH,0,0.0044478094,0.004447809420526028
934881.IV.RAVA..EH,1,0.9967934,0.003206610679626465
9349921.IV.ASQU..HH,1,0.99858785,0.0014121532440185547
9349921.IV.BRIS..HH,1,0.9839724,0.016027629375457764
9349921.IV.CRE..HH,1,0.99719495,0.002805054187774658
9349921.IV.LMD..HH,1,0.99287957,0.0071204304695129395
9349921.IV.RUFI..EH,1,0.99679035,0.0032096505165100098
9349921.IV.SFI..EH,1,0.9978246,0.0021753907203674316
9366431.GU.CARD..HH,0,0.0030964494,0.0030964494217187166
9366431.IV.CRMI..HH,1,0.9911929,0.008807122707366943
9366431.IV.CSNT..HH,0,0.0060578436,0.006057843565940857
9366431.GU.MAIM..HH,0,0.004107013,0.004107012879103422
9366431.IV.MPPT..EH,0,0.030277453,0.030277453362941742
9366431.IV.OSSC..HH,0,0.012943249,0.012943249195814133
9366431.IV.PII..HH,0,0.022691233,0.022691233083605766
9366431.IV.RUFI..EH,1,0.9773606,0.02263939380645752
949051.IV.T0800..HH,1,0.99602807,0.0039719343185424805
949081.IV.RAVA..EH,0,0.0033218313,0.0033218313474208117
949081.IV.T0800..HH,0,0.01515838,0.015158380381762981
952811.IV.ARVD..HH,1,0.9871892,0.012810826301574707
952811.IV.ASQU..HH,1,0.99809,0.0019099712371826172
952811.IV.ATBU..EH,1,0.99714065,0.002859354019165039
952811.IV.ATMC..EH,1,0.9974624,0.0025376081466674805
952811.IV.ATPC..HH,1,0.99825364,0.00174635648727417
952811.IV.ATPI..EH,1,0.998364,0.0016360282897949219
952811.IV.ATVA..EH,1,0.9984013,0.0015987157821655273
952811.IV.ATVO..HH,1,0.9972169,0.0027831196784973145
952811.IV.BADI..EH,1,0.9976026,0.0023974180221557617
952811.IV.CAFI..HH,1,0.9968954,0.0031046271324157715
952811.IV.CASP..HH,0,0.0025097795,0.002509779529646039
952811.IV.CMPO..HH,1,0.9943225,0.005677521228790283
952811.IV.CRMI..HH,0,0.0016182385,0.0016182385152205825
952811.IV.FROS..HH,0,0.0024005396,0.002400539582595229
952811.IV.FSSB..HH,1,0.9985309,0.0014690756797790527
952811.GU.MAIM..HH,0,0.0020884143,0.0020884142722934484
952811.IV.MGAB..HH,0,0.001678507,0.0016785069601610303
952811.IV.MURB..HH,0,0.030706462,0.030706461519002914
952811.IV.NRCA..HH,0,0.0031048628,0.003104862757027149
952811.IV.PESA..HH,1,0.9976415,0.0023584961891174316
952811.IV.RSM2..HH,1,0.99705714,0.0029428601264953613
952811.IV.SACS..HH,0,0.003564219,0.0035642189905047417
952811.IV.SNTG..HH,0,0.0017034555,0.0017034554621204734
952811.MN.VLC..HH,0,0.0021708638,0.0021708637941628695
9545131.IV.LMD..HH,1,0.99023485,0.009765148162841797
955231.IV.NOVE..EH,1,0.99477124,0.005228757858276367
955231.IV.T0800..HH,0,0.03931828,0.039318278431892395
955351.IV.RAVA..EH,0,0.003569008,0.003569008084014058
955961.IV.T0825..EH,1,0.9924111,0.00758892297744751
959711.IV.FIU..EH,0,0.00092364254,0.0009236425394192338
959951.IV.RAVA..EH,0,0.0047091185,0.004709118511527777
960001.IV.T0800..HH,0,0.002822884,0.0028228838928043842
960001.IV.T0825..EH,1,0.9946021,0.005397915840148926
960311.IV.NOVE..EH,0,0.0032219163,0.0032219162676483393
960311.IV.T0825..EH,1,0.996624,0.003376007080078125
964731.IV.NOVE..EH,0,0.0020710574,0.0020710574463009834
9652691.IV.MTRZ..HH,1,0.9957801,0.0042198896408081055
9652691.IV.SEI..HH,1,0.9981076,0.001892387866973877
967341.IV.NOVE..EH,0,0.0016045497,0.0016045497031882405
967341.IV.T0825..EH,1,0.9962997,0.0037003159523010254
968111.IV.T0800..HH,1,0.8198219,0.18017810583114624
969411.IV.T0800..HH,1,0.998158,0.0018420219421386719
969411.IV.T0821..EH,0,0.0014741621,0.0014741620980203152
980861.IV.RAVA..EH,0,0.0027174077,0.002717407653108239
980931.IV.NOVE..EH,0,0.0042153117,0.004215311724692583
980931.IV.RAVA..EH,0,0.0011856604,0.0011856603669002652
980931.IV.T0819..EH,1,0.9942628,0.005737185478210449
981261.IV.FIU..EH,0,0.008209522,0.008209521882236004
9830861.IV.CASP..HH,0,0.04770857,0.04770857095718384
9830861.IV.CELB..HH,0,0.037051346,0.03705134615302086
9830861.IV.TRIF..HH,1,0.9957542,0.0042458176612854
984811.IV.RAVA..EH,0,0.0018820033,0.0018820032710209489
984811.IV.T0822..EH,1,0.9967296,0.003270387649536133
9860921.IV.ASQU..HH,1,0.99217653,0.007823467254638672
9860921.IV.RUFI..EH,1,0.9916301,0.008369922637939453
988381.IV.RAVA..EH,0,0.0008983385,0.0008983385050669312
995261.IV.T0800..HH,1,0.99138623,0.008613765239715576
995261.IV.T0825..EH,0,0.012176398,0.012176398187875748
995761.IV.RAVA..EH,0,0.0015888778,0.0015888777561485767
995761.IV.T0822..EH,0,0.0024051769,0.0024051768705248833
996061.NI.CGRP..HH,0,0.0055430364,0.005543036386370659
996061.IV.MAGA..HH,1,0.9905665,0.009433507919311523
997051.IV.T0821..EH,0,0.04669064,0.04669063910841942
997361.IV.FROS..HH,1,0.9985335,0.001466512680053711
998491.IV.RAVA..EH,0,0.004700529,0.004700528923422098
998491.IV.T0825..EH,0,0.009598567,0.0095985671505332
999091.IV.MAGA..HH,1,0.9838089,0.01619112491607666
999391.IV.MABI..HH,0,0.020491872,0.02049187198281288
999391.IV.RAVA..EH,0,0.0024577023,0.002457702299579978
999391.IV.SERM..EH,1,0.9915312,0.008468806743621826
783491.IV.BRIS..HH,0,0.02105248,0.02105247974395752
783491.IV.ERBM..EH,0,0.014670457,0.014670456759631634
783491.IV.FIU..EH,0,0.0037487762,0.0037487761583179235
783491.IV.FNVD..HH,0,0.048535474,0.04853547364473343
783491.IV.MTRZ..HH,0,0.004958677,0.004958677105605602
783491.IV.PRMA..HH,0,0.036605027,0.036605026572942734
783491.IV.RAVA..EH,0,0.003940261,0.003940260969102383
783491.IV.ROVR..HH,0,0.0016797251,0.0016797251300886273
783491.IV.SBPO..HH,0,0.042389058,0.04238905757665634
783491.IV.TEOL..HH,0,0.0018822721,0.0018822720739990473
783491.IV.ZCCA..HH,0,0.0144590065,0.014459006488323212
783561.IV.RAVA..EH,1,0.9875253,0.01247471570968628
786001.IV.BRIS..HH,0,0.024578722,0.024578722193837166
786001.NI.CGRP..HH,0,0.0016809505,0.0016809505177661777
786001.IV.ERBM..EH,0,0.0042122644,0.004212264437228441
786001.IV.FIU..EH,0,0.001430677,0.001430677017197013
786001.IV.FNVD..HH,0,0.059819937,0.059819936752319336
786001.IV.MAGA..HH,0,0.0013335777,0.0013335776748135686
786001.IV.MTRZ..HH,0,0.0025161002,0.0025161001831293106
786001.IV.NOVE..EH,1,0.9215778,0.0784221887588501
786001.IV.PRMA..HH,1,0.99816805,0.0018319487571716309
786001.IV.RAVA..EH,1,0.99818665,0.001813352108001709
786001.IV.ROVR..HH,0,0.001289628,0.001289627980440855
786001.IV.SALO..HH,0,0.00202444,0.0020244400948286057
786001.IV.SBPO..HH,0,0.083418645,0.08341864496469498
786001.IV.SERM..EH,0,0.0073551717,0.007355171721428633
786001.IV.T0822..EH,1,0.99778515,0.0022148489952087402
786001.IV.TEOL..HH,0,0.0016027672,0.0016027671517804265
786001.IV.ZCCA..HH,0,0.0031508072,0.0031508072279393673
786031.IV.RAVA..EH,0,0.0037692206,0.0037692205514758825
786031.IV.SERM..EH,0,0.5649616,0.5649616122245789
786031.IV.T0811..EH,1,0.0044303522,0.9955696477554739
786031.IV.T0813..EH,1,0.99780905,0.0021909475326538086
786031.IV.T0822..EH,1,0.9952624,0.0047376155853271484
793641.NI.CGRP..HH,0,0.0036086438,0.003608643775805831
793641.IV.FIU..EH,0,0.008126327,0.008126326836645603
793641.IV.MTRZ..HH,0,0.3927085,0.39270851016044617
793641.IV.PRMA..HH,1,0.9918903,0.008109688758850098
793641.IV.RAVA..EH,1,0.9980584,0.0019416213035583496
793641.IV.ROVR..HH,0,0.0037154567,0.003715456696227193
793641.IV.SALO..HH,0,0.015953222,0.015953222289681435
793641.IV.T0811..EH,1,0.9964718,0.0035281777381896973
793641.IV.T0812..EH,0,0.0033157335,0.003315733512863517
793641.IV.T0813..EH,0,0.03256739,0.03256738930940628
793641.IV.T0814..EH,0,0.017151812,0.017151812091469765
793641.IV.T0816..EH,0,0.014554901,0.014554901048541069
793641.IV.T0818..EH,0,0.003130443,0.0031304429285228252
793641.IV.TEOL..HH,0,0.0053873234,0.005387323442846537
793641.IV.ZCCA..HH,0,0.15102188,0.15102188289165497
841091.IV.BDI..HH,0,0.01033555,0.010335549712181091
841091.IV.MAGA..HH,0,0.005746532,0.00574653223156929
841091.IV.NOVE..EH,1,0.99514323,0.004856765270233154
841091.IV.PRMA..HH,0,0.16473809,0.16473808884620667
841091.IV.RAVA..EH,0,0.0037913786,0.003791378578171134
841091.IV.ROVR..HH,0,0.0029319632,0.002931963186711073
841091.IV.SALO..HH,0,0.0019116802,0.0019116802141070366
841091.IV.SBPO..HH,0,0.0037667719,0.003766771871596575
841091.IV.T0800..HH,1,0.99690133,0.0030986666679382324
841091.IV.T0811..EH,1,0.99864775,0.0013522505760192871
841091.IV.T0812..EH,0,0.0025998324,0.0025998323690146208
841091.IV.T0813..EH,1,0.99882144,0.0011785626411437988
841091.IV.T0814..EH,0,0.003415318,0.0034153179731220007
841091.IV.T0815..EH,1,0.9939962,0.0060037970542907715
841091.IV.T0817..EH,0,0.0010879998,0.0010879997862502933
841091.IV.T0818..EH,1,0.9974901,0.002509891986846924
841091.IV.T0821..EH,0,0.15249361,0.15249361097812653
841091.IV.T0822..EH,1,0.9986191,0.00138092041015625
841091.IV.T0823..EH,0,0.0028944362,0.002894436242058873
841091.IV.T0824..EH,0,0.003190323,0.0031903230119496584
841091.IV.TEOL..HH,0,0.0015551562,0.0015551561955362558
841091.IV.ZCCA..HH,0,0.088110514,0.08811051398515701
841231.IV.MAGA..HH,1,0.026046786,0.9739532135426998
841231.IV.NOVE..EH,0,0.10071012,0.10071011632680893
841231.IV.RAVA..EH,0,0.008159478,0.008159478195011616
841231.IV.ROVR..HH,1,0.97154987,0.0284501314163208
841231.IV.SALO..HH,1,0.87610537,0.12389463186264038
841231.IV.T0800..HH,0,0.06608828,0.06608828157186508
841231.IV.T0811..EH,1,0.8016854,0.1983146071434021
841231.IV.T0812..EH,0,0.2460303,0.2460303008556366
841231.IV.T0813..EH,0,0.027382476,0.02738247625529766
841231.IV.T0814..EH,0,0.007217362,0.007217362057417631
841231.IV.T0815..EH,0,0.14149503,0.14149503409862518
841231.IV.T0816..EH,0,0.9703339,0.9703338742256165
841231.IV.T0817..EH,1,0.9830218,0.016978204250335693
841231.IV.T0818..EH,0,0.018966427,0.018966427072882652
841231.IV.T0819..EH,1,0.9918365,0.008163511753082275
841231.IV.T0822..EH,0,0.09513359,0.09513358771800995
841231.IV.T0823..EH,0,0.035707954,0.035707954317331314
841231.IV.T0824..EH,0,0.0030689093,0.0030689092818647623
841231.IV.TEOL..HH,1,0.9926732,0.007326781749725342
844021.IV.RAVA..EH,0,0.005022005,0.005022005178034306
844021.IV.T0811..EH,0,0.00766351,0.00766350980848074
844021.IV.T0812..EH,0,0.006003328,0.006003328133374453
844021.IV.T0813..EH,0,0.0023576727,0.002357672667130828
844021.IV.T0814..EH,0,0.010267817,0.010267817415297031
844021.IV.T0818..EH,0,0.0031208317,0.0031208316795527935
844021.IV.T0823..EH,0,0.004551051,0.0045510511845350266
844021.IV.T0824..EH,0,0.002489166,0.0024891661014407873
844031.IV.BDI..HH,0,0.0063779745,0.006377974525094032
844031.IV.FNVD..HH,0,0.025358003,0.02535800263285637
844031.IV.MAGA..HH,0,0.001821882,0.0018218819750472903
844031.IV.NOVE..EH,0,0.0022662135,0.0022662135306745768
844031.IV.PRMA..HH,0,0.46344167,0.4634416699409485
844031.IV.RAVA..EH,0,0.00219103,0.002191029954701662
844031.IV.ROVR..HH,0,0.0011221793,0.0011221793247386813
844031.IV.SALO..HH,0,0.0017636252,0.001763625186868012
844031.IV.SBPO..HH,0,0.0019791902,0.001979190157726407
844031.IV.T0800..HH,1,0.98601574,0.013984262943267822
844031.IV.T0811..EH,1,0.9919993,0.008000671863555908
844031.IV.T0812..EH,0,0.0012552866,0.0012552866246551275
844031.IV.T0814..EH,0,0.0028340616,0.002834061626344919
844031.IV.T0815..EH,1,0.9950773,0.004922688007354736
844031.IV.T0818..EH,1,0.9928993,0.007100701332092285
844031.IV.T0824..EH,0,0.0020601675,0.0020601674914360046
844031.IV.TEOL..HH,0,0.0019940017,0.001994001679122448
844031.IV.ZCCA..HH,0,0.008329541,0.0083295414224267
844401.IV.BDI..HH,0,0.0065273712,0.006527371238917112
844401.IV.MAGA..HH,0,0.014505291,0.014505291357636452
844401.IV.MTRZ..HH,0,0.048221733,0.048221733421087265
844401.IV.NOVE..EH,0,0.0072094575,0.007209457457065582
844401.GU.POPM..HH,0,0.0028377306,0.002837730571627617
844401.IV.PRMA..HH,0,0.030818606,0.030818605795502663
844401.IV.RAVA..EH,0,0.0020679752,0.0020679752342402935
844401.IV.ROVR..HH,0,0.008751413,0.008751412853598595
844401.IV.SALO..HH,0,0.008202456,0.008202455937862396
844401.IV.T0800..HH,1,0.47763255,0.5223674476146698
844401.IV.T0811..EH,0,0.016318338,0.016318337991833687
844401.IV.T0812..EH,0,0.0030840088,0.003084008814767003
844401.IV.T0813..EH,1,0.98060715,0.019392848014831543
844401.IV.T0814..EH,0,0.00205773,0.0020577299874275923
844401.IV.T0818..EH,1,0.88850766,0.1114923357963562
844401.IV.T0824..EH,0,0.004215452,0.004215451888740063
844401.IV.TEOL..HH,0,0.0040837214,0.004083721432834864
844401.IV.ZCCA..HH,0,0.024059806,0.024059806019067764
844451.IV.T0814..EH,0,0.0027978616,0.002797861583530903
844451.IV.T0824..EH,0,0.0019243091,0.0019243090646341443
845561.IV.RAVA..EH,0,0.002057208,0.0020572079811245203
845561.IV.ROVR..HH,0,0.012283437,0.012283436954021454
845561.IV.T0800..HH,0,0.114638135,0.11463813483715057
845561.IV.T0814..EH,0,0.0022414015,0.002241401467472315
845561.IV.T0818..EH,1,0.99860966,0.0013903379440307617
845561.IV.T0823..EH,0,0.00556692,0.005566920153796673
845561.IV.T0824..EH,0,0.0021408633,0.0021408633328974247
846551.IV.MTRZ..HH,0,0.03942438,0.03942437842488289
846551.IV.RAVA..EH,0,0.012855794,0.01285579428076744
846551.IV.T0812..EH,1,0.991683,0.008316993713378906
846551.IV.T0814..EH,0,0.009964063,0.009964062832295895
846551.IV.T0824..EH,0,0.008884836,0.008884835988283157
846551.IV.TEOL..HH,0,0.017432509,0.01743250899016857
846551.IV.ZCCA..HH,0,0.009153823,0.009153823368251324
847781.IV.CMPO..HH,0,0.011143713,0.011143713258206844
847781.IV.FIU..EH,0,0.0077952375,0.007795237470418215
847781.IV.FNVD..HH,0,0.018205693,0.018205692991614342
847781.IV.MAGA..HH,0,0.00248723,0.0024872301146388054
847781.IV.MTRZ..HH,0,0.013084842,0.013084841892123222
847781.IV.NOVE..EH,0,0.19711922,0.19711922109127045
847781.IV.PRMA..HH,0,0.008478643,0.008478643372654915
847781.IV.RAVA..EH,0,0.0049203928,0.0049203927628695965
847781.IV.ROVR..HH,0,0.0012746633,0.0012746632564812899
847781.IV.SALO..HH,0,0.0008551547,0.0008551547070965171
847781.IV.SBPO..HH,0,0.10783463,0.10783462971448898
847781.IV.SERM..EH,0,0.3877417,0.38774171471595764
847781.IV.T0800..HH,1,0.99736536,0.0026346445083618164
847781.IV.T0811..EH,0,0.0073607094,0.007360709365457296
847781.IV.T0812..EH,0,0.0015272057,0.0015272056916728616
847781.IV.T0813..EH,1,0.9977571,0.0022429227828979492
847781.IV.T0814..EH,0,0.002415587,0.0024155869614332914
847781.IV.T0815..EH,1,0.9958457,0.004154324531555176
847781.IV.T0817..EH,0,0.0022834116,0.00228341156616807
847781.IV.T0818..EH,1,0.99785256,0.0021474361419677734
847781.IV.T0819..EH,1,0.9811352,0.018864810466766357
847781.IV.T0820..EH,0,0.0777669,0.07776690274477005
847781.IV.T0821..EH,0,0.04122087,0.04122086986899376
847781.IV.T0823..EH,0,0.0018168516,0.0018168515525758266
847781.IV.T0824..EH,0,0.0031400186,0.003140018554404378
847781.IV.TEOL..HH,0,0.0012489419,0.0012489418732002378
847781.IV.ZCCA..HH,0,0.010564307,0.010564306750893593
847921.IV.NOVE..EH,0,0.0056035174,0.005603517405688763
847921.IV.T0800..HH,1,0.96677506,0.03322494029998779
847921.IV.T0811..EH,1,0.011667754,0.9883322464302182
847921.IV.T0812..EH,1,0.050770324,0.9492296762764454
847921.IV.T0814..EH,0,0.01713592,0.017135920003056526
847921.IV.T0818..EH,1,0.74064624,0.25935375690460205
847921.IV.T0819..EH,1,0.9941706,0.0058293938636779785
847921.IV.T0822..EH,1,0.6858456,0.31415438652038574
847921.IV.T0824..EH,0,0.0061905053,0.0061905053444206715
847921.IV.TEOL..HH,0,0.0015177623,0.0015177623135969043
848071.IV.RAVA..EH,0,0.0013518056,0.0013518056366592646
848071.IV.ROVR..HH,1,0.99700737,0.0029926300048828125
848071.IV.SBPO..HH,1,0.99149203,0.008507966995239258
848071.IV.T0800..HH,0,0.0030566687,0.0030566686764359474
848071.IV.T0811..EH,0,0.002164917,0.002164917066693306
848071.IV.T0812..EH,1,0.9984313,0.0015686750411987305
848071.IV.T0813..EH,0,0.0014846608,0.0014846607809886336
848071.IV.T0814..EH,0,0.0020592934,0.002059293445199728
848071.IV.T0818..EH,0,0.0039394656,0.003939465619623661
848071.IV.T0822..EH,0,0.00285171,0.002851709956303239
848071.IV.T0823..EH,0,0.0010568132,0.0010568131692707539
848071.IV.T0824..EH,0,0.0020466999,0.002046699868515134
848071.IV.TEOL..HH,1,0.99614644,0.0038535594940185547
908231.IV.BDI..HH,1,0.99154073,0.008459270000457764
908231.IV.FNVD..HH,1,0.99206185,0.007938146591186523
908231.IV.MAGA..HH,0,0.002021629,0.002021628897637129
908231.IV.NOVE..EH,1,0.9974528,0.0025472044944763184
908231.GU.POPM..HH,1,0.9946766,0.0053234100341796875
908231.IV.PRMA..HH,1,0.99331456,0.006685435771942139
908231.IV.RAVA..EH,0,0.0019600473,0.001960047287866473
908231.IV.ROVR..HH,0,0.0009836499,0.0009836498647928238
908231.IV.SALO..HH,0,0.0015666576,0.0015666575636714697
908231.IV.SBPO..HH,0,0.0028516243,0.0028516242746263742
908231.IV.T0800..HH,0,0.055992812,0.05599281191825867
908231.IV.T0811..EH,0,0.0038589272,0.003858927171677351
908231.IV.T0812..EH,0,0.0058449986,0.005844998639076948
908231.IV.T0814..EH,0,0.0067519,0.00675190007314086
908231.IV.T0815..EH,0,0.015855879,0.015855878591537476
908231.IV.T0818..EH,1,0.9867148,0.013285219669342041
908231.IV.T0819..EH,0,0.007621946,0.007621945813298225
908231.IV.T0821..EH,0,0.015141823,0.015141823329031467
908231.IV.T0823..EH,0,0.025677823,0.025677822530269623
908231.IV.T0824..EH,1,0.92316836,0.0768316388130188
908231.IV.T0827..EH,1,0.9983003,0.001699686050415039
908231.IV.T0828..EH,0,0.0021390163,0.0021390162874013186
908231.IV.TEOL..HH,0,0.0019611304,0.001961130416020751
908231.MN.VLC..HH,1,0.9927112,0.007288813591003418
908231.IV.ZCCA..HH,1,0.99006104,0.009938955307006836
